Date,Returns,ReturnVelocity,ReturnAcceleration,SmaDiffWeekMonth,VolumeVelocity,IsBiggestVolume,WeekMomentum,MonthMomentum,SeasonVolatility
2019-10-03 00:00:00-04:00,0.07561003692997997,2.184773740996716,4.146151511042626,0.5332245491257586,-1.1508523480727868,0,-0.6736331989968795,0.0422198539533559,-0.7669170088265731
2019-10-04 00:00:00-04:00,1.529736904169386,1.454126867239406,-0.7306468737573097,0.357811756384773,0.06572525167663404,0,-0.15055425571735073,0.33784531439017323,-0.7699261021783115
2019-10-07 00:00:00-04:00,0.6882412995878391,-0.8414956045815469,-2.295622471820953,0.28578749488438826,2.877398939018905,0,-0.05282641490379414,0.7362826701539578,-0.768124325395195
2019-10-08 00:00:00-04:00,-0.46184506893582594,-1.150086368523665,-0.30859076394211815,0.2023791216902638,-0.058955671229210325,0,-0.11668904586304472,0.6703947911514521,-0.7674784313020117
2019-10-09 00:00:00-04:00,-0.5196724276635529,-0.057827358727726985,1.0922590097959382,0.10921251980258222,0.44400823675276185,0,0.21196658119054723,0.46432508587082305,-0.7669523666357076
2019-10-10 00:00:00-04:00,0.44776786776570787,0.9674402954292608,1.0252676541569878,0.11432419001610226,-1.2790126942900995,0,0.28845911479020536,0.4639678729146059,-0.7741576017953824
2019-10-11 00:00:00-04:00,3.603270347191291,3.155502479425583,2.188062183996322,0.13779002673172838,2.083045641337219,0,0.7101070307204741,0.9066729289097543,-0.7740613183221079
2019-10-14 00:00:00-04:00,-0.7888248886137401,-4.392095235805031,-7.547597715230614,0.2246840785950188,-1.130201488864437,0,0.4010535921702268,0.7203462972453029,-0.7464072241894979
2019-10-15 00:00:00-04:00,2.602092804349402,3.390917692963142,7.783012928768173,0.2532614769800015,1.3525716273662705,0,1.0400296499437474,0.8966770740547162,-0.7466687518900582
2019-10-16 00:00:00-04:00,0.4931305409099055,-2.1089622634394964,-5.499879956402639,0.421007361393606,0.6666159513803889,0,1.257875157797705,0.9094125567712037,-0.7302427886862023
2019-10-17 00:00:00-04:00,1.2267890229753617,0.7336584820654563,2.8426207455049526,0.6391699466426561,-0.2859901456507889,0,1.42551181031519,0.9160291533148728,-0.7305582203985737
2019-10-18 00:00:00-04:00,0.7790691579883091,-0.44771986498705263,-1.181378347052509,0.8982235056282665,-1.207555786149174,0,0.831715689194072,1.0424241401869925,-0.7282907965748372
2019-10-21 00:00:00-04:00,-0.32639727093740933,-1.1054664289257183,-0.6577465639386657,1.0067231643615742,-0.4708605162744864,0,0.9304789084037766,0.9263013540188325,-0.7283016219264542
2019-10-22 00:00:00-04:00,0.7583544401137129,1.0847517110511222,2.1902181399768406,1.14914482746469,0.10929175524096775,1,0.5479408024675169,0.8993469018271515,-0.7279793699876621
2019-10-23 00:00:00-04:00,1.7276830220947121,0.9693285819809992,-0.11542312907012298,1.2002584903633098,0.15483746764119954,0,0.8047612851954881,1.34254435451229,-0.7271178645929749
2019-10-24 00:00:00-04:00,-0.7062254411316575,-2.43390846322637,-3.4032370452073692,1.2778585569132346,0.4351441972235813,0,0.4006519369704491,0.8649717863241665,-0.7280735045322638
2019-10-25 00:00:00-04:00,-1.964450235828796,-1.2582247946971385,1.1756836685292313,1.2948191249214909,-1.0111377096923182,0,-0.1644457185411448,0.7440397656416091,-0.7270708905119309
2019-10-28 00:00:00-04:00,-0.41457751080628463,1.5498727250225115,2.80809751971965,1.1751669877358077,-0.9728882286908108,0,-0.18231019031129256,0.65957620583637,-0.7162653670519876
2019-10-29 00:00:00-04:00,-0.3989611499313186,0.01561636087496604,-1.5342563641475455,1.05899944377766,0.17313088902507448,1,-0.4140418707008351,0.6253500479688039,-0.7156415256917943
2019-10-30 00:00:00-04:00,0.5747171794433894,0.973678329374708,0.958061968499742,0.8840513285935117,-0.5595882122254408,0,-0.6400763876623723,0.9974558410677523,-0.7327709492398233
2019-10-31 00:00:00-04:00,1.0736010079277882,0.49888382848439883,-0.47479450089030917,0.611754513510163,0.09612344423232377,1,-0.286646902075594,1.1365120484860005,-0.732429711456671
2019-11-01 00:00:00-04:00,-0.4283125710896178,-1.501913579017406,-2.000797407501805,0.42263346148212355,-0.4602118633541741,0,0.02784495882630506,0.8649107090084955,-0.7332777578643142
2019-11-04 00:00:00-05:00,-0.9291019581363943,-0.5007893870467766,1.0011241919706295,0.34271022423634373,0.5785949357207678,1,-0.07747856581187837,0.6430565571823847,-0.7322623953531481
2019-11-05 00:00:00-05:00,-0.5383853195049727,0.3907166386314216,0.8915060256781981,0.2560495423210167,-0.8782867947572008,0,-0.10586688420381996,0.6326066664029886,-0.7309965483536888
2019-11-06 00:00:00-05:00,0.314305360191626,0.8526906796965987,0.46197404106517714,0.1633481607109815,1.767295668504772,1,-0.1583028145570557,0.7464466053545873,-0.7295340375171504
2019-11-07 00:00:00-05:00,-0.9747669958258077,-1.2890723560174338,-2.1417630357140327,0.04601919422115351,-0.1497902883976587,0,-0.5676590415228594,0.5525252360593751,-0.7302168850537725
2019-11-08 00:00:00-05:00,0.1230421997051509,1.0978091955309586,2.3868815515483925,-0.16238581359932017,-1.0067225026451456,0,-0.45807821788853403,0.09906117432669374,-0.7310548542468942
2019-11-11 00:00:00-05:00,-0.3335600920792672,-0.4566022917844181,-1.5544114873153767,-0.297604703211083,-0.6681078541034022,0,-0.3384582564077611,0.1589261308637807,-0.7447355549719403
2019-11-12 00:00:00-05:00,-0.0880801103540327,0.2454799817252345,0.7020822735096526,-0.406105447386009,5.597353877472636,1,-0.24782412607686136,-0.18469631429249608,-0.7473649617326433
2019-11-13 00:00:00-05:00,0.4760173086720192,0.5640974190260519,0.31861743730081743,-0.45582540324660337,-0.9352188287578221,0,-0.21540648980342322,-0.1868695873750978,-0.7475009349127555
2019-11-14 00:00:00-05:00,0.7369578310561595,0.26094052238414034,-0.3031568966419116,-0.4969494212986366,-0.4481997548757218,0,0.13276220865482632,-0.24861371304045804,-0.7570333993370333
2019-11-15 00:00:00-05:00,0.5748336340906178,-0.1621241969655417,-0.42306471934968204,-0.44049267203345965,-0.334467701455852,0,0.22522107441889466,-0.274347220276064,-0.7567627827522618
2019-11-18 00:00:00-05:00,1.1950096864139297,0.6201760523233119,0.7823002492888536,-0.3570842988393311,-0.49848617401928924,0,0.5408931856574664,-0.08091791975258301,-0.7563489214930547
2019-11-19 00:00:00-05:00,-0.4107460328438512,-1.605755719257781,-2.225931771581093,-0.2123397906728465,-0.6161497558419812,1,0.47340218940850365,-0.23019967395471536,-0.7541526573219326
2019-11-20 00:00:00-05:00,-1.1857683392178033,-0.7750223063739521,0.8307334128838288,-0.0694536671012203,-0.4632099422982442,1,0.12887951585771992,-0.594396361769106,-0.7531518390896774
2019-11-21 00:00:00-05:00,-0.13914062847851572,1.0466277107392876,1.8216500171132397,0.02371315187478012,0.4384536480797708,1,-0.04928712352178759,-0.5238501473811892,-0.7484733398759105
2019-11-22 00:00:00-05:00,0.6617920881925138,0.8009327166710295,-0.24569499406825812,0.06251399923095427,-0.3979487530083244,0,-0.03172846800904539,-0.1910586636315853,-0.7508739110322978
2019-11-25 00:00:00-05:00,1.97232358315068,1.3105314949581661,0.5095987782871366,0.07018069047001246,3.0099746719635143,0,0.12439976390263065,0.11467321095172053,-0.7504046855087302
2019-11-26 00:00:00-05:00,-0.5259624764553271,-2.498286059606007,-3.808817554564173,0.08760582749094661,-0.8252891633978251,0,0.10070407651858167,0.09801865721782421,-0.74198953000698
2019-11-27 00:00:00-05:00,1.2803393010306972,1.8063017774860244,4.304587837092031,0.1003839718551939,-0.4384128610028202,0,0.6112762270004038,0.18953904599781826,-0.7432705473297215
2019-11-29 00:00:00-05:00,-1.4408302722190711,-2.7211695732497683,-4.527471350735793,0.23727530991257897,-1.3254899538975142,0,0.33794931700604847,-0.13725403148324636,-0.7401027167100305
2019-12-02 00:00:00-05:00,-1.0268052291079621,0.414025043111109,3.1351946163608773,0.3363727648031757,1.8834966382397245,1,-0.00921366917301361,-0.21424735620239996,-0.7420051947757615
2019-12-03 00:00:00-05:00,0.22860062109232807,1.2554058502002903,0.8413808070891813,0.35246085483856,-0.6693284300399656,0,-0.3571662648967587,-0.06546112713354854,-0.7402766379534431
2019-12-04 00:00:00-05:00,0.9298193858413679,0.7012187647490399,-0.5541870854512504,0.25928719758037094,2.330963061932643,0,-0.06446754749598899,0.12468544871601697,-0.7566273705729598
2019-12-05 00:00:00-05:00,0.9038802797143027,-0.02593910612706518,-0.7271578708761051,0.22534674070304994,0.19089368733305453,0,-0.13989623876705895,0.20150955625522018,-0.7554962375230805
2019-12-06 00:00:00-05:00,0.5856948512757495,-0.31818542843855324,-0.29224632231148806,0.1627424842879202,-1.1123374301237452,0,0.2758053525683222,0.4087018854378189,-0.7558962664813823
2019-12-09 00:00:00-05:00,0.13701642146760282,-0.44867842980814665,-0.1304930013695934,0.19077661914289543,-0.09348425015422544,0,0.5184299110997211,0.41056590442672114,-0.7557016241577197
2019-12-10 00:00:00-05:00,-0.06840662687628905,-0.20542304834389186,0.2432553814642548,0.281964460960236,-0.7957353855218428,0,0.456568709096001,0.446101672795326,-0.7556707276121434
2019-12-11 00:00:00-05:00,1.3006941195892971,1.3691007464655862,1.5745237948094781,0.3535926448140654,0.7902624538286768,1,0.5330511729783698,0.6322613255280047,-0.7556799609822628
2019-12-12 00:00:00-05:00,-1.6556918781864103,-2.9563859977757074,-4.325486744241294,0.4278453179570184,0.3984762479038297,0,0.003135757019214766,0.34416887551765407,-0.755648506719085
2019-12-13 00:00:00-05:00,6.3047678213937255,7.960459699580136,10.916845697355843,0.3895762284496911,5.140862246035102,0,1.1607872152885776,1.0787651541218153,-0.746203338285743
2019-12-16 00:00:00-05:00,1.0342581855454545,-5.270509635848271,-13.230969335428407,0.5894252427131574,-1.599822407247106,0,1.3535928676890496,1.1428332679372162,-0.6494511391955683
2019-12-17 00:00:00-05:00,0.19193322857132478,-0.8423249569741297,4.428184678874141,0.834803865469398,0.13648782828776343,0,1.410153829449911,1.003173493297876,-0.6485019223173074
2019-12-18 00:00:00-05:00,-0.28735930978112817,-0.47929253835245295,0.36303241862167673,1.1085184843946916,0.5775097419718305,0,1.0689125422328443,1.020456766976038,-0.6485739148748993
2019-12-19 00:00:00-05:00,-0.3041819454675598,-0.01682263568643161,0.46246990266602134,1.291939556852048,1.5232744483938276,0,1.3633660225650146,1.1450668470760748,-0.6488342570485092
2019-12-20 00:00:00-05:00,0.6102421684299323,0.914424113897492,0.9312467495839236,1.538605513367707,-0.907110155039193,0,0.19983169208487253,1.2508152111801882,-0.6558721410249885
2019-12-23 00:00:00-05:00,-0.30328138243713504,-0.9135235508670674,-1.8279476647645594,1.4629988603499677,-1.6784358514687003,0,-0.0723142254122533,1.1146996267086546,-0.6716911360666397
2019-12-24 00:00:00-05:00,-0.04802022504073714,0.2552611573963979,1.1687847082634653,1.3221517388584956,-1.3225063001616055,1,-0.12089565586160371,0.8361059179104682,-0.6758816085812712
2019-12-26 00:00:00-05:00,0.33636919351329647,0.38438941855403364,0.12912826115763576,1.1943031063798173,0.12408918355009148,1,0.005688709046449942,0.9555877890504144,-0.6756080452037057
2019-12-27 00:00:00-05:00,0.447005811624757,0.11063661811146053,-0.2737528004425731,1.0911985266665865,1.2876760712111337,0,0.1591201689249907,0.8411999783281076,-0.676096311884564
2019-12-30 00:00:00-05:00,-0.4291171249035992,-0.8761229365283563,-0.9867595546398168,1.0433967632340138,-0.17854578775152768,0,-0.05282641490379414,0.9827331587074182,-0.6918036568770495
2019-12-31 00:00:00-05:00,0.03192127335423689,0.4610383982578361,1.3371613347861924,0.9205795868332455,-0.8596668011830957,0,0.015441975253382992,1.1317376727726092,-0.6904398273148034
2020-01-02 00:00:00-05:00,-0.5265695296108036,-0.5584908029650405,-1.0195292012228765,0.8032055745162541,2.7325614819483577,0,-0.08209877908262402,1.0256640505052435,-0.6942766018580646
2020-01-03 00:00:00-05:00,-0.22456007342497714,0.3020094561858265,0.860500259150867,0.6683194813046932,-0.8495290802684803,0,-0.19544739847019715,0.8658559557052896,-0.6929425634574639
2020-01-06 00:00:00-05:00,-0.04824306599949353,0.17631700742548362,-0.12569244876034286,0.5161595616338133,0.8344337413915187,0,-0.2948547012377554,0.7355215183518274,-0.6937363025135279
2020-01-07 00:00:00-05:00,-0.43428649170766087,-0.38604342570816735,-0.5623604331336509,0.3476704753440934,0.3684965285396408,0,-0.2958962754390473,0.5967780945636165,-0.695177421265191
2020-01-08 00:00:00-05:00,-0.4523570159909373,-0.018070524283276435,0.3679729014248909,0.1936167856815896,-0.9758454229272132,0,-0.3930185991258794,0.517065691647022,-0.6938826807924184
2020-01-09 00:00:00-05:00,-0.6815965434689657,-0.2292395274780284,-0.21116900319475196,0.019684752396423942,2.2133546758376133,0,-0.42413256225539114,0.43445076597958016,-0.7232038181292297
2020-01-10 00:00:00-05:00,-0.2450893503239904,0.4365071931449753,0.6657467206230037,-0.153773811254802,-0.8582769417388288,0,-0.42823392027578455,0.23026311211794273,-0.7237481453899938
2020-01-13 00:00:00-05:00,0.0982811135871517,0.3433704639111421,-0.0931367292338332,-0.30664512936238153,-0.39085689069798096,0,-0.3990188335938506,0.4652744293051659,-0.7390837487708241
2020-01-14 00:00:00-05:00,0.14726566613583872,0.04898455254868701,-0.2943859113624551,-0.4756074681977223,-0.04526219990474955,0,-0.28244438715429976,-0.3115883675415257,-0.7393849086264206
2020-01-15 00:00:00-05:00,1.830079428256245,1.6828137621204062,1.6338292095717193,-0.5257762541675277,2.3423005562472863,0,0.177834970305895,-0.2120648498087772,-0.7425622632522525
2020-01-16 00:00:00-05:00,0.4492936784532533,-1.3807857498029916,-3.063599511923398,-0.45478294511629686,-1.2325316871917211,0,0.41165925091139216,-0.17935373663191956,-0.7359608683174065
2020-01-17 00:00:00-05:00,1.5015860178082714,1.052292339355018,2.43307808915801,-0.32131628390911654,0.5866621297568847,0,0.7753179300467392,0.049705207380297975,-0.7363622745705811
2020-01-21 00:00:00-05:00,1.1803747084940879,-0.3212113093141835,-1.3735036486692016,-0.11117869417735494,-0.1464884008665481,0,1.0037687894181875,0.24323277983766928,-0.7325071045326804
2020-01-22 00:00:00-05:00,1.0732620688651404,-0.10711263962894746,0.21409866968523605,0.14202856770740777,-0.5001399343896548,0,1.2012812304864435,0.30393433523652413,-0.7362994085066745
2020-01-23 00:00:00-05:00,0.5386269005824836,-0.5346351682826568,-0.4275225286537093,0.44469451965522566,0.6667257969951423,0,0.9278653072105272,0.41583182981705935,-0.7362827815301699
2020-01-24 00:00:00-05:00,1.4694496893641547,0.930822788781671,1.4654579570643278,0.6616951396517822,-0.7510370949484714,0,1.144036596122912,0.6187015446153158,-0.7488647780391398
2020-01-27 00:00:00-05:00,-1.252067595361931,-2.721517284726086,-3.652340073507757,0.919634384271949,-0.46426983029320207,0,0.5607215154930821,0.40394619563741463,-0.7460818843971407
2020-01-28 00:00:00-05:00,0.9165716970036917,2.1686392923656226,4.890156577091709,1.0346427851258084,-0.2457204318536936,1,0.5061827413100701,0.4663572623678058,-0.7410665539683742
2020-01-29 00:00:00-05:00,0.36332378143914434,-0.5532479155645473,-2.7218872079301697,1.1278784211004136,1.1939370937044937,1,0.35963726123107465,0.5731058370021529,-0.740166582233312
2020-01-30 00:00:00-05:00,0.6033198573495768,0.23999607591043248,0.7932439914749798,1.1664505659075965,-1.1688802350779806,0,0.3729678986536887,0.6503331250132486,-0.7419439423454072
2020-01-31 00:00:00-05:00,-0.6296847615132405,-1.2330046188628172,-1.4730006947732497,1.200763220715864,-0.5841677376016088,1,-0.05588779386876702,0.6362383007930187,-0.7428940787691244
2020-02-03 00:00:00-05:00,-0.8600002380623496,-0.2303154765491091,1.002689142313708,1.1065801027525581,0.3132391466376434,1,0.024716887342534473,0.5497326416767381,-0.7445901321654249
2020-02-04 00:00:00-05:00,-0.2434780617750193,0.6165221762873303,0.8468376528364394,1.0471825665106622,-0.5934527070649807,0,-0.20957789793733703,0.5233701773002862,-0.7429080165221086
2020-02-05 00:00:00-05:00,0.7780085237780885,1.0214865855531077,0.40496440926577737,0.9189239627327084,0.8027111866447542,0,-0.1263305658409106,0.6873793532411571,-0.742226536469594
2020-02-06 00:00:00-05:00,0.36332378143914434,-0.41468474233894415,-1.4361713278920518,0.7977625189766407,-0.5649605821196898,0,-0.1745930717727691,0.7990952190778462,-0.7457292991354473
2020-02-07 00:00:00-05:00,-0.5128281052438448,-0.8761518866829892,-0.461467144344045,0.6491511250446222,-0.6062660422809729,0,-0.15085871039770776,0.8224529770936752,-0.745787635396508
2020-02-10 00:00:00-05:00,0.5154715884238291,1.028299693667674,1.9044515803506632,0.5062187616600508,-0.7010298494090765,1,0.12948703301823652,0.9274330190036162,-0.7450982125172083
2020-02-11 00:00:00-05:00,0.2714890929765394,-0.24398249544728973,-1.2722821891149638,0.4378298612279991,0.002940539249507848,1,0.23524507777185388,0.9514405177539019,-0.7453540840480785
2020-02-12 00:00:00-05:00,0.18050728328466126,-0.09098180969187813,0.1530006857554116,0.398783378433581,0.7367790067525836,0,0.1131538709065653,0.9560536885203998,-0.7454405656544145
2020-02-13 00:00:00-05:00,-0.06006297624755411,-0.24057025953221536,-0.14958844984033723,0.32211223282067686,0.2667046080480733,0,0.02679816537309373,0.69799466040679,-0.745950393356649
2020-02-14 00:00:00-05:00,1.231965540165676,1.2920285164132301,1.5325987759454456,0.24638661540155962,0.239672673863941,0,0.38429304285159127,0.804310123825458,-0.7458754961017763
2020-02-18 00:00:00-05:00,1.409929740411891,0.17796420024621495,-1.1140643161670152,0.267684391028606,0.7265035921035665,0,0.568867046859758,0.791892921104044,-0.7456879640567377
2020-02-19 00:00:00-05:00,0.07316945791366622,-1.3367602824982248,-1.5147244827444397,0.3464862585384227,-0.295136982725144,0,0.5274785895608153,0.6415531474841518,-0.7436235226891669
2020-02-20 00:00:00-05:00,-0.07311595936255226,-0.14628541727621847,1.1904748652220063,0.4295479416796329,-1.444966848789557,0,0.4746052181725248,0.48743457375330396,-0.7495524018749339
2020-02-21 00:00:00-05:00,0.6146704360349242,0.6877863953974764,0.8340718126736949,0.5140295995460328,-0.47421549486461184,1,0.6152499414906735,0.49759562924990236,-0.7497066977429054
2020-02-24 00:00:00-05:00,-2.4000211362142947,-3.0146915722492187,-3.7024779676466952,0.6403973640247358,2.0213155591852807,1,-0.13720259896388695,-0.015093493866975375,-0.7497860392303239
2020-02-25 00:00:00-05:00,-1.2518554196574065,1.1481657165568881,4.162857288806107,0.5947255626799476,-0.6517292869383491,0,-0.6679368397026131,-0.015065708259723757,-0.7378897642694994
2020-02-26 00:00:00-05:00,0.7395036632172971,1.9913590828747036,0.8431933663178155,0.3798542535061989,0.0689502009985301,0,-0.5368353866576984,-0.03775551832221966,-0.7334339336655942
2020-02-27 00:00:00-05:00,-1.9175931823490198,-2.6570968455663166,-4.64845592844102,0.20923466240788935,0.7133317635827968,0,-0.9026879948852456,-0.33113176084625884,-0.7356932378136999
2020-02-28 00:00:00-05:00,-3.3755928158412667,-1.457999633492247,1.1990972120740697,-0.04184274593325632,0.2976411157126246,0,-1.6742382387621981,-0.8300836557124799,-0.7307800355338305
2020-03-02 00:00:00-05:00,2.32374913643037,5.699341952271636,7.157341585763883,-0.4801043442785801,0.1850846624786832,0,-0.7699881670963101,-0.4699599597245869,-0.700249872757541
2020-03-03 00:00:00-05:00,-1.019616252012284,-3.343365388442654,-9.04270734071429,-0.6677604842984297,1.047203899644593,0,-0.7239219288409025,-0.4900475774672345,-0.6880972417030816
2020-03-04 00:00:00-05:00,5.993441524435709,7.013057776447993,10.356423164890646,-0.8362491364115039,-0.4463983831733026,0,0.3000346523340787,0.28875961440349546,-0.685478062757821
2020-03-05 00:00:00-05:00,-0.4712279877017513,-6.46466951213746,-13.477727288585452,-0.7822937873559178,-1.253368990270815,0,0.6046574842684658,0.12469395091415328,-0.5969719985710137
2020-03-06 00:00:00-05:00,-1.538675776400719,-1.0674477886989677,5.397221723438492,-0.6178284331455942,-0.3809992799544611,1,1.0031643746191148,-0.12302375652047641,-0.5957938409509135
2020-03-09 00:00:00-04:00,-5.349358943431806,-3.810683167031087,-2.743235378332119,-0.31232350864485997,0.007253570341241558,1,-0.5986302643747734,-0.7464415427245553,-0.5872691510206431
2020-03-10 00:00:00-04:00,-1.4446655140431166,3.9046934293886895,7.715376596419777,-0.40674379560178564,1.4466611780267342,0,-0.6834797498798598,-0.984356815349192,-0.5047649893933727
2020-03-11 00:00:00-04:00,-4.268690812117384,-2.8240252980742677,-6.728718727462957,-0.495247774473473,-0.7923593359384553,0,-2.5882767580728503,-1.5259979090960367,-0.5019777952317122
2020-03-12 00:00:00-04:00,-9.389193058239504,-5.12050224612212,-2.2964769480478524,-1.1311046846499815,0.7757676710973486,0,-4.180420260610873,-2.616954963194648,-0.45915359244601806
2020-03-13 00:00:00-04:00,3.4168682695293846,12.806061327768889,17.92656357389101,-2.129969091591726,-0.2107123406637645,0,-3.366237114398891,-2.25758121816139,-0.33528173758523233
2020-03-16 00:00:00-04:00,-7.649477758456089,-11.066346027985475,-23.872407355754362,-2.900712746244764,-0.05245946761022493,0,-3.7791408960138226,-3.1953753327808294,-0.30415885797939074
2020-03-17 00:00:00-04:00,14.582936639981805,22.232414398437893,33.29876042642337,-3.6175018116513518,0.04238635733296037,0,-1.0831006997254509,-1.928692896897687,-0.1562603391523656
2020-03-18 00:00:00-04:00,-7.483450203501189,-22.066386843482995,-44.298801241920884,-3.693227863247115,-0.8957505100303149,0,-1.7303509595452184,-2.760672514998776,0.4323824022630571
2020-03-19 00:00:00-04:00,-2.6595834630010886,4.8238667405001,26.890253583983096,-3.830007075185319,0.2352876897376305,1,-0.34693411224305887,-3.0243233993930683,0.5789516315977851
2020-03-20 00:00:00-04:00,-6.444298953545909,-3.78471549054482,-8.60858223104492,-3.5427244360300634,-0.2826057670013916,0,-2.254999843791834,-3.720461487467598,0.5934828742862148
2020-03-23 00:00:00-04:00,-8.660650392473757,-2.2163514389278482,1.568364051616972,-3.662463517089386,0.6338211773591359,0,-2.453207861209601,-4.3122855484509515,0.6961111511535499
2020-03-24 00:00:00-04:00,9.261306289207587,17.921956681681344,20.138308120609192,-3.723280702423989,-1.0589411757858822,0,-3.2847391217533746,-3.3930285465763066,0.8799501510164454
2020-03-25 00:00:00-04:00,7.366300415806784,-1.8950058734008026,-19.816962555082146,-4.215732865023597,0.3015607095761383,1,-0.5444272212209217,-2.764574055169788,1.1306741216343383
2020-03-26 00:00:00-04:00,7.406016726320179,0.03971631051339486,1.9347221839141975,-4.020030563374895,-0.7735101629356089,0,1.5043526597264374,-1.7966725780172486,1.2867662496794028
2020-03-27 00:00:00-04:00,0.5775227849531971,-6.8284939413669825,-6.868210251880377,-3.437654664266734,0.26752429110111675,1,3.145183377314769,-1.3405008762822042,1.440611112222264
2020-03-30 00:00:00-04:00,3.219081563134314,2.6415587781811167,9.4700527195481,-2.5604241938175414,-0.5868126269930738,0,6.2019595504750535,-1.2389467368291964,1.4417335260812567
2020-03-31 00:00:00-04:00,-1.7700672470287526,-4.9891488101630665,-7.630707588344183,-1.1100451634581732,-0.6101830449010373,1,3.5204447997107136,-1.3277127085203924,1.4697925675170647
2020-04-01 00:00:00-04:00,-4.496304226327763,-2.7262369792990104,2.262911830864056,-0.1473855531538881,0.3447989543790976,1,0.8822520998349149,-2.477596596746572,1.4779367171994882
2020-04-02 00:00:00-04:00,-2.479785086391489,2.016519139936274,4.742756119235285,0.37464684734194115,-0.2680147226547693,0,-1.07267211008327,-2.6888699578525297,1.5308150324167593
2020-04-03 00:00:00-04:00,-5.620056318467335,-3.140271232075846,-5.15679037201212,0.41818890368727574,-0.193189231308875,0,-2.2609932383400806,-3.114073257645514,1.5455244254564733
2020-04-06 00:00:00-04:00,4.353775843136423,9.973832161603758,13.114103393679603,0.18935631878522347,0.24416074150368797,0,-2.0620586363801396,-2.106079703544427,1.625097363536929
2020-04-07 00:00:00-04:00,-1.6464011315323066,-6.0001769746687295,-15.974009136272487,-0.1405226314332526,0.4652809945472316,0,-2.039025848708293,-2.128269652551988,1.6801409486020775
2020-04-08 00:00:00-04:00,3.5191202038073754,5.165521335339682,11.165698310008413,-0.45501946284494793,-1.0145331166464422,0,-0.5016063441910088,-1.2481831023131715,1.6861128551159756
2020-04-09 00:00:00-04:00,3.822115759445633,0.30299555563825775,-4.862525779701425,-0.4528897178454903,0.09560276295295975,1,0.7815020638482002,0.4574923474832641,1.722130424939679
2020-04-13 00:00:00-04:00,-1.3097372634462576,-5.131853022891891,-5.434848578530149,-0.3045154929070914,-1.378523498692035,0,1.7469111115249858,-0.15513785855678114,1.763142582061419
2020-04-14 00:00:00-04:00,1.7216739413858433,3.031411204832101,8.163264227723992,0.12356943900079141,1.4110055116539633,1,1.1893778489349454,1.142868932969103,1.757431026795112
2020-04-15 00:00:00-04:00,-2.485901008412087,-4.20757494979793,-7.238986154630031,0.30791335392210784,-0.5792334234630839,0,1.0054650461745636,-0.9559815128813105,1.7655259961485994
2020-04-16 00:00:00-04:00,1.066727305009621,3.5526283134217085,7.760203263219639,0.6529371454095896,-0.4155599581082634,0,0.49937451009851885,0.15217387269483948,1.7736573441425971
2020-04-17 00:00:00-04:00,1.896232602475735,0.8295052974661139,-2.7231230159555944,0.7603728542685457,0.23623269768944805,0,0.11248546830904631,0.7652391432566527,1.7728760616940005
2020-04-20 00:00:00-04:00,-2.3700966838649484,-4.266329286340683,-5.0958345838067975,0.7118614291058645,-0.8529050598218396,0,-0.10744905944659101,1.3623720280250777,1.7801133617189078
2020-04-21 00:00:00-04:00,-0.7732324407074361,1.5968642431575124,5.863193529498195,0.5566243909909895,0.6659456941426529,1,-0.604114487725345,2.5980013379259415,1.7919840506362146
2020-04-22 00:00:00-04:00,4.621233437807954,5.39446587851539,3.797601635357877,0.17823358143319043,-0.6418337577021336,0,0.8355644117757633,1.9378544176178336,1.7853030251312492
2020-04-23 00:00:00-04:00,-0.8660913011797023,-5.487324738987656,-10.881790617503047,0.21372958469383724,0.2055652404692248,0,0.4302669918047389,0.7965705548525084,1.8442483289518614
2020-04-24 00:00:00-04:00,1.5726019909489206,2.438693292128623,7.9260180311162785,0.2442558935046511,0.31304786230477194,0,0.364243811808354,0.05014908401650218,1.8426670327375354
2020-04-27 00:00:00-04:00,0.808534370778979,-0.7640676201699416,-3.2027609122985643,0.3315768495564496,-0.3081314413845127,0,1.0388971679117596,0.08000089435168431,1.849930085760133
2020-04-28 00:00:00-04:00,-0.3242262915101497,-1.1327606622891286,-0.3686930421191871,0.5878607957085616,-0.9651461676248382,0,1.1357163275222675,-0.36717986537134145,1.8508590345870608
2020-04-29 00:00:00-04:00,0.5820849846904823,0.906311276200632,2.0390719384897604,0.9151371825586089,0.7355572654213558,1,0.30592552872275247,-0.06595874665070829,1.8502826245294945
2020-04-30 00:00:00-04:00,-0.3233984838168423,-0.9054834685073245,-1.8117947447079565,1.0003288277875997,0.06970475741316888,0,0.4190434138793505,0.4968476463911739,1.8500812955961279
2020-05-01 00:00:00-04:00,-2.0491935215409987,-1.7257950377241564,-0.8203115692168319,1.0573598842130718,0.4398032372280574,0,-0.3217852438216604,0.5562063677785575,1.8501597393647187
2020-05-04 00:00:00-04:00,1.2726677779815874,3.321861299522586,5.0476563372467425,0.9113515963702873,0.3253604701247374,0,-0.2295392759247974,1.5423455538844715,1.857943653113864
2020-05-05 00:00:00-04:00,0.7402370271382341,-0.5324307508433532,-3.854292050365939,0.7005033680109622,-1.2956816808449167,0,-0.01458905370715784,1.0406224171454264,1.862659900735741
2020-05-06 00:00:00-04:00,-2.0676734750439794,-2.8079105021822137,-2.2754797513388603,0.5909379141525566,-0.14629224860355214,1,-0.5505039389974781,0.9807113485695182,1.8642688310668043
2020-05-07 00:00:00-04:00,-1.273770037567212,0.7939034374767673,3.601813939658981,0.3424638289889677,-0.6361156202373419,0,-0.739353426636814,0.3358785780080073,1.8732154856132583
2020-05-08 00:00:00-04:00,1.7497326362744317,3.0235026738416435,2.2295992363648764,0.10392859000423152,0.018339845688831284,1,0.021511861089778605,0.07074645976255517,1.8759847029385583
2020-05-11 00:00:00-04:00,-0.3821500762085057,-2.1318827124829376,-5.155385386324581,0.09848618572959086,-0.03566670843552775,0,-0.3114834691914944,0.19309703269271958,1.8856018810667727
2020-05-12 00:00:00-04:00,-0.1394851175618299,0.2426649586466758,2.3745476711296134,-0.009186040858012194,-0.4903514127886903,0,-0.48653570631939785,-0.04731623003860773,1.8857102188140848
2020-05-13 00:00:00-04:00,-0.6286078313998779,-0.48912271383804795,-0.7317876724847238,-0.14052230580076627,1.1788604983531008,0,-0.1945440276012625,0.198370547365631,1.8803812677437253
2020-05-14 00:00:00-04:00,-1.5638661422399898,-0.9352583108401119,-0.44613559700206395,-0.2162478146757241,-0.6906175813033443,0,-0.25379023962989505,-0.1437728992077317,1.8738607833479621
2020-05-15 00:00:00-04:00,-0.49982117661854814,1.0640449656214417,1.9993032764615535,-0.27209519701633084,0.2334650157867521,0,-0.6982539928647546,-0.4448290291154276,1.8784009812824762
2020-05-18 00:00:00-04:00,2.7090079067659283,3.2088290833844764,2.1447841177630345,-0.4164466667727924,3.3368756297911855,0,-0.08822867277065533,0.20556878208752102,1.8784868861544461
2020-05-19 00:00:00-04:00,-2.8646475542742813,-5.573655461040209,-8.782484544424685,-0.46472124857433633,-1.5465906049818605,0,-0.6413670449597241,-0.07164310387285083,1.8999532639718395
2020-05-20 00:00:00-04:00,1.0070209126196614,3.8716684668939427,9.445323927934151,-0.6320278547649765,-0.5880597164379011,0,-0.31684659204072135,-0.5164205701067234,1.9060044600212251
2020-05-21 00:00:00-04:00,-1.637891112504975,-2.6449120251246363,-6.516580492018579,-0.665157920930001,0.8572297059319646,1,-0.3319172632474849,-0.6131955500737306,1.9070339713455995
2020-05-22 00:00:00-04:00,-2.244336896688692,-0.6064457841837168,2.0384662409409193,-0.6911891989107115,-0.05069904542709386,0,-0.6830191885025669,-1.076669022936129,1.9101349906189304
2020-05-26 00:00:00-04:00,1.296064070886723,3.540400967575415,4.146846751759131,-0.7574493312407645,0.22962855044392788,0,-0.953674537451441,-1.019263275130681,1.913401971310978
2020-05-27 00:00:00-04:00,1.1332569109430273,-0.16280715994369577,-3.703208127519111,-0.9058239903558132,-0.05966087228061535,0,-0.15505601646031922,-0.8448575189708695,1.8920575180714039
2020-05-28 00:00:00-04:00,3.1989749591697056,2.065718048226678,2.2285252081703737,-0.8594408991184889,-0.9260761936738192,0,0.2833543778100856,-0.5299985425579671,1.8798782284874251
2020-05-29 00:00:00-04:00,0.03502395405501366,-3.163951005114692,-5.22966905334137,-0.7323639070863192,0.32585727216761523,1,0.6344058849161894,-0.48534993012348376,1.907901314667386
2020-06-01 00:00:00-04:00,1.9082576439717296,1.873233689916716,5.037184695031408,-0.5212787268217013,-0.840013380219523,0,1.526122035317165,0.018118688506351573,1.805899892260979
2020-06-02 00:00:00-04:00,1.0135834204449303,-0.8946742235267993,-2.767907913443515,-0.14383507362011277,-0.21082932697430387,1,1.4650963572140925,-0.015048996499741946,1.8175044821738382
2020-06-03 00:00:00-04:00,2.3809586958610987,1.3673752754161683,2.2620494989429676,0.22650946576467154,0.020089423125873772,1,1.734324521479578,0.1955642539107853,1.8158570320107346
2020-06-04 00:00:00-04:00,-2.19269823411521,-4.573656929976309,-5.941032205392477,0.6477319101285646,-0.029259785834598623,0,0.5801351724198158,0.1787862642181813,1.7562665965340998
2020-06-05 00:00:00-04:00,-1.5625057209067061,0.6301925132085038,5.203849443184813,0.7790682836154821,0.4727524108916095,0,0.2457695389414313,0.1403993606774099,1.7636198560378789
2020-06-08 00:00:00-04:00,3.3298842247003924,4.892389945607098,4.262197432398594,0.8259234334126495,-0.8054119919828667,0,0.5331845247323236,0.3436391085927601,1.7207414264988965
2020-06-09 00:00:00-04:00,-1.8700864517205216,-5.199970676420914,-10.092360622028012,0.9300462659080957,0.13935260338480182,0,-0.06318518690337989,0.14512881331361038,1.5025418555624481
2020-06-10 00:00:00-04:00,1.2931614456522385,3.1632478973727602,8.363218573793674,0.8936034319237247,-0.5239719626918428,0,-0.27881073646026133,0.3329503337366554,1.486380658379402
2020-06-11 00:00:00-04:00,-5.039466738457762,-6.33262818411,-9.49587608148276,0.7767014781665683,0.7419142771559535,1,-0.8632148482364179,-0.25650134289263643,1.3213279669487745
2020-06-12 00:00:00-04:00,1.4859357751379432,6.525402513595704,12.858030697705704,0.5632503608063282,-0.8892174095324643,0,-0.25951430053744756,0.1366730918864575,0.831260271526151
2020-06-15 00:00:00-04:00,1.568764372891198,0.0828285977532548,-6.442573915842449,0.47545647784139505,-0.06479043716247884,1,-0.6020552802611836,0.4086732295501203,0.6830221895552718
2020-06-16 00:00:00-04:00,0.6006517786156789,-0.9681125942755191,-1.050941192028774,0.2622423123864517,0.6717433201668294,0,-0.10465146623560884,0.13452134049668,0.6666728329638633
2020-06-17 00:00:00-04:00,1.0747257141135704,0.47407393549789156,1.4421865297734107,0.2156235717737759,-0.4577753597269494,0,-0.14832584393923223,0.6650365995298879,0.5454065893932379
2020-06-18 00:00:00-04:00,-0.35443014456132854,-1.429155858674899,-1.9032297941727905,0.10298262763379887,0.5403295511025233,0,0.8487207595136114,0.48156713687332475,0.3246549034528304
2020-06-19 00:00:00-04:00,1.2025648460032698,1.5569949905645983,2.9861508492394973,0.2726550623758939,-0.5357722359079286,0,0.7895087364440503,0.8693422909723514,0.11433717797298726
2020-06-22 00:00:00-04:00,0.5690461058157378,-0.6335187401875321,-2.1905137307521305,0.39144904941807507,1.7345957881219396,0,0.5813648864436027,1.2669642601239404,-0.019228436644053215
2020-06-23 00:00:00-04:00,0.49924098241538656,-0.06980512340035122,0.5637136167871808,0.41984626449440393,-0.48646951789723336,0,0.5602575377595629,1.1551556672010683,-0.16041765408753564
2020-06-24 00:00:00-04:00,-1.6559002087971264,-2.155141191212513,-2.0853360678121615,0.4529760050269461,-0.8441985297346373,0,-0.0048510552695949435,0.7662403566621344,-0.16059985199419613
2020-06-25 00:00:00-04:00,1.0439472852535814,2.699847494050708,4.854988685263221,0.37015105670270176,0.9572093142975687,0,0.28076618743503573,0.47988333422720186,-0.17943899799977373
2020-06-26 00:00:00-04:00,-1.3664403049901468,-2.410387590243728,-5.110235084294436,0.3931048906069391,-0.7067947712678178,0,-0.24312823632080743,0.2917805446856055,-0.18570569876359433
2020-06-29 00:00:00-04:00,1.436059203025216,2.8024995080153627,5.212887098259091,0.2911122372875923,-0.5525422566754951,0,-0.0697219509196067,0.23043922866745226,-0.2369428029851524
2020-06-30 00:00:00-04:00,1.1658810293923734,-0.2701781736328426,-3.072677681648205,0.24307363049389027,1.0708529120607468,1,0.06485173981721146,0.25030631669075853,-0.251312971893889
2020-07-01 00:00:00-04:00,2.3209143197181574,1.155033290325784,1.4252114639586266,0.2302950519529932,-0.1325700416831795,0,0.8906802259265368,0.24256654154353074,-0.3420028897001118
2020-07-02 00:00:00-04:00,-3.211851919641536,-5.5327662393596935,-6.687799529685478,0.445382906729616,-0.7592569690505778,0,-0.004251203179801061,0.10513423969403735,-0.37551376214823745
2020-07-06 00:00:00-04:00,-1.3755091371707193,1.8363427824708167,7.369109021830511,0.42883437235970057,-0.6601773354111157,0,-0.006122563728845825,0.12992811676709468,-0.352802301117144
2020-07-07 00:00:00-04:00,-2.092059234781627,-0.7165500976109076,-2.5528928800817243,0.4093928104442759,0.2036929259079889,1,-0.7139732638185406,-0.5562306034989244,-0.37579434546059975
2020-07-08 00:00:00-04:00,2.1723681904870653,4.264427425268693,4.9809775228796,0.2670529896391855,1.2020287212395713,0,-0.5185435492101208,-0.0458064014312519,-0.3998466222803797
2020-07-09 00:00:00-04:00,-6.535373905279638,-8.707742095766703,-12.972169521035395,0.12153000274398763,0.12224071238442978,0,-2.2356734392354265,-1.042863325043871,-0.39346335404211713
2020-07-10 00:00:00-04:00,3.0579794551954382,9.593353360475076,18.30109545624178,-0.41479560152705175,-1.2897313273596105,0,-1.0617700421561305,-0.027803508522580483,-0.28376337938097745
2020-07-13 00:00:00-04:00,-1.2665087820160743,-4.324488237211512,-13.91784159768659,-0.7127456352754227,0.19660244842438981,0,-1.0404444420631154,-0.37818237820605144,-0.2760828166472197
2020-07-14 00:00:00-04:00,1.4110459263034947,2.677554708319569,7.002042945531081,-0.9638952254841917,-0.43251627178162966,0,-0.3492931883323289,-0.3976990672823755,-0.27411309214187335
2020-07-15 00:00:00-04:00,-1.102282483166407,-2.513328409469902,-5.190883117789471,-1.0197263262005265,0.3166399531306398,0,-0.9905569608377935,-0.6101242513026239,-0.2783616236985754
2020-07-16 00:00:00-04:00,0.7491335939783434,1.8514160771447505,4.3647444866146525,-1.2315048865709768,-1.0404959015018103,0,0.5188658814114862,-0.6498640536425689,-0.2905237401666742
2020-07-17 00:00:00-04:00,1.668477250702605,0.9193436567242617,-0.9320724204204889,-1.0311403960829397,-0.12834718688959718,1,0.23739747135135458,-0.40022579532137686,-0.29113814692088347
2020-07-20 00:00:00-04:00,0.9275742453753597,-0.7409030053272454,-1.660246662051507,-0.9287512309403918,0.2305223040907337,0,0.6950599439881748,-0.4343174272639379,-0.34049826949816436
2020-07-21 00:00:00-04:00,1.201842848693306,0.2742686033179462,1.0151716086451916,-0.7028483615105554,-1.0069039390211019,0,0.6516304381989351,-0.3555875306732509,-0.3405983836415121
2020-07-22 00:00:00-04:00,0.7684290928501513,-0.43341375584315467,-0.7076823591611009,-0.49435445602153666,-0.47344021371021894,1,1.0490285544739957,-0.3218621423459691,-0.3432711059193967
2020-07-23 00:00:00-04:00,-0.29462851926898803,-1.0630576121191393,-0.6296438562759846,-0.18673368017406106,-0.169309634446746,1,0.827258109755156,-0.14711017383841118,-0.343431224807522
2020-07-24 00:00:00-04:00,-0.2607404337615693,0.03388808550741873,1.0969456976265581,0.044600847658395455,0.3794366064490633,0,0.42526777616842315,-0.31237943696850873,-0.34348860712835094
2020-07-27 00:00:00-04:00,1.4290722608185948,1.6898126945801641,1.6559246090727453,0.18952391097110227,-0.61983290608688,0,0.5285343810811607,0.04570743368353802,-0.34402606331682256
2020-07-28 00:00:00-04:00,1.4776546623259097,0.048582401507314854,-1.6412302930728493,0.3243432495231317,0.056460336811704495,0,0.5854560436549335,0.05103517288943931,-0.3392672681867705
2020-07-29 00:00:00-04:00,1.0667266789124088,-0.4109279834135009,-0.45951038492081575,0.47585005897222726,-0.19525458313390595,0,0.6474515746936038,0.03829588474201973,-0.3465077112263488
2020-07-30 00:00:00-04:00,-1.239748662285931,-2.3064753411983396,-1.8955473577848387,0.6471038736081627,-0.6021486605648583,0,0.4483442170164298,-0.4135684293033052,-0.3476735409154474
2020-07-31 00:00:00-04:00,0.27141664094411483,1.5111653032300458,3.8176406444283852,0.8140252565684316,0.49782365070533496,1,0.5593527022698084,0.0374810034582591,-0.3438928000378153
2020-08-03 00:00:00-04:00,0.9643054383156406,0.6928887973715259,-0.81827650585852,0.9601429569263473,0.42809605943659657,0,0.46350843264072206,0.3455237589493558,-0.3565908084456996
2020-08-04 00:00:00-04:00,0.9718449426454541,0.007539504329813429,-0.6853492930417124,1.0482541144763426,-0.8510776460326431,0,0.3597279597768812,0.7614867399127437,-0.360212772099642
2020-08-05 00:00:00-04:00,-1.41054515767633,-2.3823901003217838,-2.389929604651597,1.0653869420694377,0.7218178242765361,0,-0.1480738350257194,0.28077731171628206,-0.36527201986372115
2020-08-06 00:00:00-04:00,-0.31980701398694733,1.0907381436893826,3.4731282440111664,0.9882893264446672,-0.41295536149287976,0,0.040173625346603396,1.1604280508724731,-0.35950325568362834
2020-08-07 00:00:00-04:00,-0.03378175473712163,0.2860252592498257,-0.8047128844395569,0.8779061008709551,0.028546475396247734,0,-0.021910820727789167,0.7372114272863244,-0.3591510737409694
2020-08-10 00:00:00-04:00,-0.03377818810022029,3.5666369013406807e-06,-0.28602169261292437,0.7905291360316498,-0.5644264158394945,0,-0.22293712857218353,0.9080609293444166,-0.3606502573854748
2020-08-11 00:00:00-04:00,-1.9770251691690892,-1.9432469810688688,-1.9432505477057702,0.6287473191344849,0.337821337416845,0,-0.8109605106340997,0.4451834253510284,-0.36851872411941206
2020-08-12 00:00:00-04:00,3.3097764225140573,5.286801591683147,7.230048572752016,0.34312052116809766,-0.5222594655578378,0,0.12489316833383213,1.0426264176826134,-0.3574102874636585
2020-08-13 00:00:00-04:00,-1.5184419501242354,-4.828218372638293,-10.11501996432144,0.2667573153423359,-0.8227629559839789,0,-0.12140197523562528,0.7277667480416011,-0.34811686119141866
2020-08-14 00:00:00-04:00,-1.1352120107635384,0.38322993936069705,5.21144831199899,0.15221218097120887,0.05512477347354794,1,-0.34436228905037725,0.35066917171791057,-0.3652372801881424
2020-08-17 00:00:00-04:00,-0.6855189247913791,0.4496930859721593,0.06646314661146224,0.012947307726876717,0.26085063179082996,0,-0.4748392380458098,0.1381416786571597,-0.36269289704684154
2020-08-18 00:00:00-04:00,-0.17255694137998673,0.5129619834113923,0.06326889743923303,-0.14100315643772002,-0.45893058312877916,0,-0.10882931109787503,-0.03956056202533491,-0.36942065456495876
2020-08-19 00:00:00-04:00,-1.296452443389112,-1.1238955020091252,-1.6368574854205176,-0.1711077711797868,-0.021510152149133252,0,-1.0116420183866703,-0.30404518282625287,-0.38486141895144554
2020-08-20 00:00:00-04:00,0.8406310114973382,2.1370834548864504,3.260978956895576,-0.4334832156943406,1.0407675449667118,0,-0.5482256441654326,-0.1600941962289324,-0.3825239429437369
2020-08-21 00:00:00-04:00,-0.24314591019013118,-1.0837769216874693,-3.2208603765739197,-0.575684534148918,-1.2350438998237983,0,-0.3694859735559981,-0.15783857374297075,-0.3838587514742116
2020-08-24 00:00:00-04:00,1.288295940246416,1.5314418504365472,2.6152187721240168,-0.6662430369159112,0.08160725282167179,1,0.027760910846355822,-0.17558859206424152,-0.40926917470810664
2020-08-25 00:00:00-04:00,-1.4437923803247128,-2.732088320571129,-4.263530171007676,-0.6432361249165359,-0.43152945455854247,0,-0.23182994668222986,-0.5432567821998167,-0.4054206679936413
2020-08-26 00:00:00-04:00,-0.8545456401682857,0.5892467401564271,3.321335060727556,-0.651068454546563,-0.6473745358620046,0,-0.14172568946140118,-0.7790453520811754,-0.40825379418026864
2020-08-27 00:00:00-04:00,-0.8795100006583999,-0.02496436049011419,-0.6142111006465413,-0.6060338074317737,0.9102239746215779,1,-0.48656433180643005,-0.7346625452649664,-0.408730449051202
2020-08-28 00:00:00-04:00,0.35492088436742597,1.2344308850258259,1.25939524551594,-0.6628168404474424,-0.6855819014099162,0,-0.367434024543579,-0.7244925844716208,-0.4221387219298692
2020-08-31 00:00:00-04:00,-0.12378337000538533,-0.4787042543728113,-1.7131351393986372,-0.6872922464123408,-0.43287047058651856,0,-0.6461174046879186,-0.8562108148475184,-0.43456078617674543
2020-09-01 00:00:00-04:00,-0.5665726383482425,-0.44278926834285715,0.03591498602995413,-0.7754031868740132,2.406328320434455,0,-0.4706734228150553,-1.0404226670789345,-0.44124538157587334
2020-09-02 00:00:00-04:00,2.4216541427482685,2.988226781096511,3.431016049439368,-0.7905778777875249,-0.5594880044811666,0,0.18646983685599924,-0.5776226498672457,-0.4704079555568515
2020-09-03 00:00:00-04:00,-1.7732878376861367,-4.194941980434406,-7.183168761530917,-0.6787257240716318,-0.15776396331296125,0,0.0012243623824472116,-0.7579815179008412,-0.4640051502344618
2020-09-04 00:00:00-04:00,-1.5752310276046315,0.19805681008150522,4.392998790515911,-0.5974671765469053,0.7092685965018541,0,-0.39033755981958007,-0.9459278162133048,-0.459864698300601
2020-09-08 00:00:00-04:00,-0.5214783444533931,1.0537526831512385,0.8556958730697333,-0.6016278913585424,-0.24165022997046506,0,-0.4698438308501275,-1.0044753437816087,-0.5220123278559887
2020-09-09 00:00:00-04:00,0.9038347963409687,1.425313140794362,0.3715604576431235,-0.6207180958220889,-0.4092416742391543,0,-0.1757500199083082,-0.6534978589253116,-0.5269678007915012
2020-09-10 00:00:00-04:00,-2.9559443873515887,-3.8597791836925577,-5.28509232448692,-0.6004029704921818,-0.4780403004904422,0,-1.2353756580342192,-1.399078114675409,-0.5313981737537723
2020-09-11 00:00:00-04:00,0.5907414940863374,3.5466858814379263,7.406465065130484,-0.7873946031532498,-0.276249329337989,0,-0.7751654236706182,-1.1517623844478957,-0.5093869535498409
2020-09-14 00:00:00-04:00,0.16517718274381588,-0.4255643113425215,-3.972250192780448,-0.873303291115355,-0.37650690112786495,1,-0.42890078668397363,-0.9966211980685993,-0.5117364815118393
2020-09-15 00:00:00-04:00,0.03662925980700085,-0.12854792293681502,0.29701638840570643,-0.8818690536469319,0.23261662910818964,1,-0.31709548495379697,-0.9097283032037133,-0.5118182149717541
2020-09-16 00:00:00-04:00,0.9157535785939921,0.8791243187869913,1.0076722417238062,-0.8703661946401332,-0.6524373128273854,0,-0.31472832436381887,-0.778502308977936,-0.516167781097351
2020-09-17 00:00:00-04:00,-1.2885741414462386,-2.2043277200402307,-3.0834520388272217,-0.8735484923769492,-0.515109455903609,1,0.029635809838909236,-0.7775310705181094,-0.5146315592065063
2020-09-18 00:00:00-04:00,0.6619072530775765,1.950481394523815,4.154809114564046,-0.7856819933677429,1.6310283704157378,1,0.044059167299385686,-0.7990989480793365,-0.5116862048761063
2020-09-21 00:00:00-04:00,-2.28311131062707,-2.9450185637046467,-4.895499958228462,-0.6909620159799803,-0.20320010136457442,0,-0.45460282069007085,-1.0475096671953943,-0.5168414251857759
2020-09-22 00:00:00-04:00,0.3925122024368411,2.675623513063911,5.620642076768558,-0.7002630566638616,-0.6412750840566849,0,-0.3837982284012197,-1.1527448767928594,-0.5073891395491589
2020-09-23 00:00:00-04:00,0.167575969630726,-0.2249362328061151,-2.9005597458700265,-0.6779906630076544,-0.36721020394120835,0,-0.5318799021866886,-0.9599168914215127,-0.5110019196540679
2020-09-24 00:00:00-04:00,-0.31598635586527984,-0.48356232549600586,-0.2586260926898908,-0.7186196111375354,-0.4242409987902062,0,-0.3365426123560643,-0.8948045806034511,-0.5172008471553026
2020-09-25 00:00:00-04:00,1.8832723732554517,2.1992587291207317,2.6828210546167375,-0.7142134779759772,0.12188388231849802,1,-0.09362320036310393,-0.5588826607301629,-0.5216087980170299
2020-09-28 00:00:00-04:00,-0.14640486293354016,-2.029677236188992,-4.228935965309724,-0.6831304461590894,-0.28097364968362065,0,0.34946973272448634,-0.620766306235058,-0.5269139515028393
2020-09-29 00:00:00-04:00,4.270515048415411,4.416919911348951,6.446597147537943,-0.5306491272249965,0.7064042502950465,0,1.1493416883542062,-0.07845700935976217,-0.5527403122584631
