Date,Returns,ReturnVelocity,ReturnAcceleration,SmaDiffWeekMonth,VolumeVelocity,IsBiggestVolume,WeekMomentum,MonthMomentum,SeasonVolatility
2019-12-06 00:00:00-05:00,0.9404146330787119,0.36564773420738894,1.7410390860178213,-0.2210951688120867,0.0822396190049149,0,0.4482952255942226,-0.01884741694853944,-0.9408213660007304
2019-12-09 00:00:00-05:00,0.2193062578655974,-0.7211083752131144,-1.0867561094205034,-0.12730909003560228,-0.06538353773844335,0,0.7673891333019196,-0.015970353527194014,-0.9421718861682018
2019-12-10 00:00:00-05:00,0.08187249401061084,-0.13743376385498657,0.5836746113581279,0.026945779279154303,-0.6710680533820556,0,0.6899314495132138,0.09082563684713128,-0.942442974061175
2019-12-11 00:00:00-05:00,0.026769207445357455,-0.05510328656525338,0.0823304772897332,0.15555519691056818,-0.7545209173698701,1,0.251599324989503,0.09683321175226815,-0.9447365947583688
2019-12-12 00:00:00-05:00,0.3903242336713247,0.36355502622596725,0.4186583127912206,0.1992848717760888,1.2331275937619424,1,0.209794658907785,0.1446831086485815,-0.9450572632290682
2019-12-13 00:00:00-05:00,-0.18069574983029404,-0.5710199835016188,-0.934575009727586,0.2299799618499487,0.4243445494632811,0,-0.04292470332540738,0.016579969811859614,-0.9449070659162773
2019-12-16 00:00:00-05:00,0.9897387553846939,1.170434505214988,1.7414544887166068,0.22361102879801736,-0.41522647343891583,0,0.13005210599034242,-0.06547222447039212,-0.9449734446680887
2019-12-17 00:00:00-05:00,-0.44447862265211036,-1.4342173780368044,-2.604651883251792,0.2609462158920831,0.7437594240840034,0,0.010804226862112102,-0.0004910619136300268,-0.9452049394513257
2019-12-18 00:00:00-05:00,-0.18448551579263125,0.2599931068594791,1.6942104848962836,0.2672220936269678,-0.6345911045375949,0,-0.036831264816924156,0.02185310032848772,-0.9439897536399139
2019-12-19 00:00:00-05:00,0.25285040492840566,0.4373359207210369,0.1773428138615578,0.2615041606016564,-0.2416447446087002,0,-0.06765252882129176,0.14873608839668792,-0.9504823623153026
2019-12-20 00:00:00-05:00,-0.4756528228376369,-0.7285032277660426,-1.1658391484870796,0.23620550453122824,3.2747969369444663,0,-0.13406833109684388,0.11198227032259572,-0.9661241816337486
2019-12-23 00:00:00-05:00,-0.055570172012012205,0.4200826508256247,1.1485858785916672,0.2013568690852591,-2.1472423433986534,0,-0.36602633161256476,0.15523193437231794,-0.9658603079813676
2019-12-24 00:00:00-05:00,-0.39144736767680743,-0.33587719566479524,-0.7559598464904199,0.11438796346627286,-1.8007281673970872,1,-0.35421252532690667,0.02152328562857533,-0.9732426967101859
2019-12-26 00:00:00-05:00,1.253379412401031,1.6448267800778384,1.9807039757426337,0.044090931050994125,2.363175650066147,1,-0.03456259707814421,0.09765105051295106,-0.9736938693865305
2019-12-27 00:00:00-05:00,-0.6255498138806757,-1.8789292262817066,-3.523756006359545,0.030785956676510493,1.3675443946582198,0,-0.23178750116098512,0.035938040392691245,-0.9758717714283894
2019-12-30 00:00:00-05:00,-1.1650333993773636,-0.539483585496688,1.3394456407850186,-0.01615819215077648,-0.11446841278589716,0,-0.38633919259941235,-0.02264777019842407,-0.996723892990225
2019-12-31 00:00:00-05:00,0.06585944404670939,1.230892843424073,1.7703764289207609,-0.08803729402014301,-0.37842555862887184,0,-0.35941818153789157,0.10630707376401473,-0.9919171382497718
2020-01-02 00:00:00-05:00,2.26997633268183,2.2041168886351206,0.9732240452110477,-0.16786739839551426,1.1134915468438882,0,0.23332977415353678,0.3019003372179007,-1.000787081355421
2020-01-03 00:00:00-05:00,-0.4907269074351236,-2.7607032401169533,-4.9648201287520735,-0.14828641722190883,-0.5740667870097029,0,-0.15901478010330156,0.043646778421139544,-0.9859801297904918
2020-01-06 00:00:00-05:00,2.465723345871993,2.9564502533071164,5.717153493424069,-0.18134157598865233,1.1071266261681332,0,0.5373244632405396,0.24159655390857812,-0.9950042516804956
2020-01-07 00:00:00-05:00,-0.06240495474765229,-2.5281283006196453,-5.484578553926761,-0.09405104228355894,-0.508618391865612,0,0.7948265011045483,0.13503272377686013,-0.9803034673921696
2020-01-08 00:00:00-05:00,0.7880396780644531,0.8504446328121054,3.3785729334317507,0.05488366999362046,-0.10138641974694611,0,0.9632644873400809,0.19529884828248653,-0.9802495913239088
2020-01-09 00:00:00-05:00,1.1044454237977641,0.31640574573331104,-0.5340388870787943,0.23118993910007743,-0.19563665159041457,0,0.6953605595940983,0.30442086479295705,-0.9795640540534339
2020-01-10 00:00:00-05:00,0.6972704346631778,-0.4071749891345863,-0.7235807348678973,0.3450986816655019,0.4335924316027822,0,0.9728059108072576,0.37674307302008425,-0.9770733756255663
2020-01-13 00:00:00-05:00,0.6644589540590652,-0.03281148060411265,0.3743635085304736,0.5071357374603394,-0.39943758199861823,0,0.5593982356713385,0.4064024474618628,-0.9886913532713462
2020-01-14 00:00:00-05:00,-0.580175989791498,-1.244634943850563,-1.2118234632464504,0.5842081262193491,-0.3013906462916127,0,0.43970045652071615,0.3628156590940894,-0.9881971842126114
2020-01-15 00:00:00-05:00,0.581460882343375,1.1616368721348729,2.406271815985436,0.6409721277480466,-0.6303043186258434,0,0.3925920868839648,0.31896146316156493,-0.9868153849960535
2020-01-16 00:00:00-05:00,0.8685380877594548,0.28707720541607984,-0.874559666718793,0.6929823061243267,-0.3789504379508145,1,0.3390738907257874,0.46144941713196697,-0.9888665397155673
2020-01-17 00:00:00-05:00,1.9763059393026658,1.107767851543211,0.8206906461271312,0.7191184600482083,2.6922683186087037,1,0.6297307985071787,0.6984112649200576,-0.9876743064017712
2020-01-21 00:00:00-05:00,0.27087522382250706,-1.705430715480159,-2.81319856702337,0.7824458944385361,-0.5562960500664915,0,0.5391245188774393,0.7004219267347003,-0.9786167391752265
2020-01-22 00:00:00-05:00,0.10441846991888706,-0.16645675390362,1.538973961576539,0.8266999573112266,-0.7173699205438566,0,0.6980729906323766,0.7656140253350516,-0.9823040335547176
2020-01-23 00:00:00-05:00,0.047102570648208185,-0.05731589927067888,0.10914085463294113,0.8976825789694546,-0.5866467248356855,0,0.5745946304310856,0.7771715120840605,-0.9822578580124454
2020-01-24 00:00:00-05:00,-1.341262655742756,-1.3883652263909643,-1.3310493271202855,0.9416574758910004,0.7271494668631495,0,0.06811709302516526,0.6697836286838209,-0.9820846396951662
2020-01-27 00:00:00-05:00,-2.2369832768272007,-0.8957206210844446,0.49264460530651966,0.8882770224784913,-0.19219802985549606,0,-0.8661361682196584,0.28526913863244,-0.9836235640892725
2020-01-28 00:00:00-05:00,1.3013441121388514,3.538327388966052,4.434048010050496,0.6688164468884936,-0.4234475311089384,0,-0.6433552325785565,0.49410246981188954,-0.9817021941308979
2020-01-29 00:00:00-05:00,0.41788972673661223,-0.8834543854022392,-4.4217817743682915,0.4759403943921815,-1.0109121526641942,0,-0.5747743886160674,0.6699379130156754,-0.9780591787089138
2020-01-30 00:00:00-05:00,-0.19128013642871355,-0.6091698631653257,0.27428452223691346,0.27990123550162443,0.5147237242333744,1,-0.6271207407366198,0.6412736560779904,-0.9783522890817272
2020-01-31 00:00:00-05:00,-1.484363315223059,-1.2930831787943455,-0.6839133156290198,0.07515850052153408,2.0464598500854905,0,-0.6589104270539615,0.2328361207181014,-0.9802012705000102
2020-02-03 00:00:00-05:00,3.6054118520709366,5.089775167293996,6.382858346088342,-0.09128506655583372,0.5515211580196636,0,0.6489641773801008,0.6740085481618459,-0.9751147637155292
2020-02-04 00:00:00-05:00,-2.6158482586615097,-6.221260110732446,-11.311035278026441,-0.021182404886012012,0.657253279311292,0,-0.24788066534377554,0.12061310014714063,-0.9348225620379167
2020-02-05 00:00:00-05:00,0.08016012623163682,2.6960083848931466,8.917268495625592,-0.08446763526985646,-1.4967326006570232,0,-0.32286814146113435,0.13574209550383715,-0.9069289127150524
2020-02-06 00:00:00-05:00,1.933396690801507,1.8532365645698703,-0.8427718203232764,-0.16608256902037338,-0.5683911309171695,0,0.15016546682632156,0.2564336266566906,-0.9114056767473988
2020-02-07 00:00:00-05:00,0.20322243114226388,-1.730174259659243,-3.583410824229113,-0.15792015928921646,-0.9704715315943909,1,0.53892073998377,0.16068899649024537,-0.9007555413036402
2020-02-10 00:00:00-05:00,1.9908952514482248,1.7876728203059609,3.517847079965204,-0.055912430295410924,0.42851236341318977,1,0.17921099304743685,0.2974475475713685,-0.905318338592653
2020-02-11 00:00:00-05:00,0.007292193964268249,-1.9836030574839565,-3.7712758777899174,-0.04575378396397049,-0.2918615774193977,0,0.7912855885481361,0.22705819329414084,-0.8948329600678296
2020-02-12 00:00:00-05:00,0.6283167708433834,0.6210245768791152,2.6046276343630717,0.10422970432755344,-0.5061569259030774,0,0.9190974526812423,0.3572651307961972,-0.8949698417714895
2020-02-13 00:00:00-05:00,-0.23776564215115092,-0.8660824129945344,-1.4871069898736495,0.26728133411313193,-0.7032203638695691,1,0.41933630070564853,0.26895788386031083,-0.8966256169923744
2020-02-14 00:00:00-05:00,0.4014113367120416,0.6391769788631925,1.5052593918577268,0.33347644685231154,0.6396325527226565,1,0.4647549293079715,0.2191569461893411,-0.9042727938190552
2020-02-18 00:00:00-05:00,-0.07036698192171595,-0.4717783186337575,-1.1109552974969499,0.4155224551644726,-0.3227661128223386,0,-0.00025940154576806673,0.00432851021244307,-0.9099973912716608
2020-02-19 00:00:00-05:00,0.4619497196040408,0.5323167015257567,1.0040950201595142,0.41948098446992,-0.5642317954780907,0,0.10223026949963988,0.02431633491920373,-0.9110882026788283
2020-02-20 00:00:00-05:00,-0.5593826321927263,-1.0213323517967672,-1.5536490533225238,0.4442726762055801,0.27573105469114184,0,-0.16506030693815865,-0.045370242377680205,-0.9159973695175552
2020-02-21 00:00:00-05:00,-2.1763335647722846,-1.6169509325795581,-0.595618580782791,0.41663098792194425,1.4316056059806808,0,-0.5999266298287571,-0.27737405452885583,-0.9141617830583822
2020-02-24 00:00:00-05:00,-4.277127577760889,-2.1007940129886045,-0.48384308040904633,0.31795569760528,1.6401671621203304,0,-1.6224873793399681,-0.5811230949668059,-0.8953468191999556
2020-02-25 00:00:00-05:00,-2.3311893309656426,1.9459382467952464,4.046732259783851,0.0206612542401945,-0.5169792653083106,0,-2.0958203314444845,-0.5906663995770499,-0.8271005870649304
2020-02-26 00:00:00-05:00,0.340661845367788,2.6718511763334307,0.7259129295381843,-0.3848574263031799,-0.45078403979739184,0,-2.1205075398544255,-0.6844961234380619,-0.8065530275513157
2020-02-27 00:00:00-05:00,-5.3898188282938735,-5.730480673661662,-8.402331849995093,-0.7863420749606992,0.8131491309690447,0,-3.112604453009158,-1.2512980910269345,-0.806432139223102
2020-02-28 00:00:00-05:00,1.6114171471371177,7.001235975430991,12.731716649092654,-1.3443395718120064,0.594884711857738,0,-2.3602143489166405,-1.0845277841448868,-0.7038079232153333
2020-03-02 00:00:00-05:00,3.716781432566902,2.1053642854297845,-4.895871690001207,-1.7390149202306702,-1.1240599022779003,0,-0.6746409334646992,-0.5882415786719236,-0.7003465312312401
2020-03-03 00:00:00-05:00,-3.435284513247458,-7.1520659458143605,-9.257430231244145,-1.8107417262968164,-0.18002489548581926,0,-0.921863504780068,-1.2607774737129434,-0.6549339284193042
2020-03-04 00:00:00-05:00,3.3644092880233205,6.799693801270779,13.95175974708514,-1.8476961738828384,-0.7022180757214265,0,-0.27028218905586165,-0.694342682354946,-0.6237827281319644
2020-03-05 00:00:00-05:00,-4.866850958054395,-8.231260246077715,-15.030954047348494,-1.8190138406319847,0.7760301293399365,1,-0.14716143435773177,-1.1782876205699144,-0.5865321319240248
2020-03-06 00:00:00-05:00,-1.5640188555422947,3.3028321025121006,11.534092348589816,-1.7065262244133428,-0.04159254548402334,0,-0.8470823794761756,-1.497599944783478,-0.5052193018062139
2020-03-09 00:00:00-04:00,-6.380883884145037,-4.816865028602742,-8.119697131114844,-1.6945659703555598,0.5748929501461559,0,-2.9594594314077853,-2.0881238265242255,-0.49715406422849906
2020-03-10 00:00:00-04:00,5.3333457188499445,11.714229602994982,16.531094631597725,-2.058723304837656,-0.7580773553319262,0,-1.1810641534204174,-1.8129489732387734,-0.3589640538228198
2020-03-11 00:00:00-04:00,-5.075017005983914,-10.408362724833857,-22.12259232782884,-2.0720116299251754,-0.15031327038062955,0,-2.9252964212085275,-2.253644921239071,-0.2555172549023536
2020-03-12 00:00:00-04:00,-8.268817124654642,-3.1938001186707288,7.2145626061631285,-2.4027837883788106,1.5439327948872894,0,-3.6268648502827743,-2.981405321024731,-0.16995521000033997
2020-03-13 00:00:00-04:00,9.401657991036688,17.670475115691332,20.86427523436206,-2.7522494822917234,-0.48694062409774946,0,-1.5195054449862848,-2.2564016806069955,0.05685439711078222
2020-03-16 00:00:00-04:00,-11.100818183495656,-20.502476174532344,-38.17295129022368,-2.7689886624966005,0.25964446223285714,0,-2.5794874373082193,-3.1990620208710214,0.3755445509377435
2020-03-17 00:00:00-04:00,3.271148768023709,14.371966951519365,34.87444312605171,-2.8438535364944286,-0.39789090146926326,0,-2.9703504356739776,-2.9554379531245485,0.7886492402559266
2020-03-18 00:00:00-04:00,-2.05394086694801,-5.325089634971719,-19.697056586491083,-3.048960168099235,0.11527419681388787,0,-2.347398456897144,-3.1439963310504258,0.8331183927654584
2020-03-19 00:00:00-04:00,1.6858123799168572,3.7397532468648675,9.064842881836586,-3.0866420862740944,-0.5222724819187308,0,-0.1556638107175732,-2.9782548150344708,0.8430525617988844
2020-03-20 00:00:00-04:00,-3.852806979511817,-5.538619359428674,-9.27837260629354,-2.7446030713921403,-0.18409711414366797,1,-2.868112505907815,-3.1068990520483006,0.8565442851042498
2020-03-23 00:00:00-04:00,-1.464114874067537,2.3886921054442802,7.927311464872954,-2.8941889772923,0.1874913109832264,1,-0.7352313128737165,-2.890085589359776,0.9005105415102411
2020-03-24 00:00:00-04:00,7.366883452123689,8.830998326191226,6.442306220746946,-2.6792367446702055,-0.6188993547716434,0,0.12970754093817466,-2.1359689663762866,0.9049182969483386
2020-03-25 00:00:00-04:00,-2.8180796328400213,-10.18496308496371,-19.015961411154937,-2.414803347454883,0.4534654551362843,1,-0.047184870900549195,-2.398790257143299,1.1021653084863412
2020-03-26 00:00:00-04:00,5.375107686160471,8.193187319000494,18.378150403964206,-2.149676294481611,-0.487802477065395,0,0.7690318814010536,-1.4787535971539567,1.124508260481632
2020-03-27 00:00:00-04:00,-4.393375314977242,-9.768483001137714,-17.961670320138207,-1.8602481874810868,-0.42450877268724463,0,0.6379586189517898,-2.0109691823707463,1.2314088030961303
2020-03-30 00:00:00-04:00,3.251073717545828,7.64444903252307,17.412932033660784,-1.5369869224750183,-0.6863239425744093,1,1.747276818800458,-2.049018070803768,1.2923187220424606
2020-03-31 00:00:00-04:00,1.3942894564976087,-1.8567842610482193,-9.501233293571289,-1.0268721941364944,-0.24016799329435667,1,0.3960001027981361,-1.6271142342752516,1.3129369433759392
2020-04-01 00:00:00-04:00,-4.9182599539681515,-6.31254941046576,-4.455765149417541,-0.7799051250542794,-0.30320044967697074,1,-0.09975352889467014,-2.3368839095525926,1.321770489176758
2020-04-02 00:00:00-04:00,1.376606087589333,6.294866041557484,12.607415452023243,-0.5317202703354214,-0.5883954346883252,1,-0.9514124167509088,-1.8021502798923146,1.3715385408519496
2020-04-03 00:00:00-04:00,-2.0484615352151927,-3.4250676228045256,-9.71993366436201,-0.5024882524863484,0.3362412031709109,1,-0.42181598601003567,-1.8448808454403243,1.3813110121345216
2020-04-06 00:00:00-04:00,8.110175215197803,10.158636750412995,13.583704373217522,-0.37628104302218296,0.26670036226849797,0,0.6192801304425796,-0.5075369617552216,1.3873784021081879
2020-04-07 00:00:00-04:00,-0.03454349555749049,-8.144718710755294,-18.303355461168287,-0.21638425951948567,-0.43108847572352976,0,0.292865671444779,-1.015985735709319,1.6275514274283982
2020-04-08 00:00:00-04:00,2.003353433012114,2.0378969285696042,10.182615639324897,-0.05679193855898004,-0.618002225728684,0,1.9553137912607026,-0.3099179891360735,1.6246365189741307
2020-04-09 00:00:00-04:00,0.09666917180710984,-1.9066842612050041,-3.9445811897746084,0.30164785009053074,0.12918564204329744,0,1.6459951950506846,0.6179832059500935,1.6393186899209984
2020-04-13 00:00:00-04:00,0.5043543505435609,0.4076851787364511,2.3143694399414554,0.5265553883339259,-0.6931782823704196,0,2.2764374644118233,-0.28496881906601723,1.6391955629332093
2020-04-14 00:00:00-04:00,4.243733332865462,3.739378982321901,3.3316938035854498,0.9333090200578639,0.9975382208252809,1,1.3887591237390378,1.475577995348941,1.6387887470117777
2020-04-15 00:00:00-04:00,-0.5326023585765637,-4.776335691442026,-8.515714673763927,1.0553967571092864,-1.0286893166793905,0,1.2695183425705858,1.0350470503354847,1.703514808955829
2020-04-16 00:00:00-04:00,0.07920859332561611,0.6118109519021798,5.388146643344205,1.1917200862378112,1.2330212390697486,1,0.820309593770947,1.2859347682806137,1.6877443985898106
2020-04-17 00:00:00-04:00,1.5655273368270053,1.4863187435013892,0.8745077915992093,1.2307046497871226,-0.7634181063066201,0,1.1631677960504039,1.2720111136109002,1.6872431075332004
2020-04-20 00:00:00-04:00,-1.2967028053936973,-2.8622301422207026,-4.348548885722092,1.3315620937418127,-0.5018741657259215,0,0.7383295306826427,1.584568583718968,1.6977063181856649
2020-04-21 00:00:00-04:00,-3.9688620046451732,-2.672159199251476,0.19007094296922666,1.3331778489625388,0.588331104381676,0,-1.0959193379381837,1.2777706292762394,1.7018246279413616
2020-04-22 00:00:00-04:00,3.8533603733143305,7.822222377959504,10.49438157721098,1.0191362879418147,-0.22401962664689032,0,-0.15017425391727385,0.8928482949317146,1.7466136029738752
2020-04-23 00:00:00-04:00,1.0370386297251841,-2.816321743589146,-10.63854412154865,0.9127385678881991,-0.832875844513831,0,0.06415146956971053,1.3441875237150616,1.7892245311723787
2020-04-24 00:00:00-04:00,0.2350550097585907,-0.8019836199665934,2.0143381236225526,0.809157481276509,-0.01952215394210629,1,-0.23200823856832037,0.7671879077288303,1.7867972132656693
2020-04-27 00:00:00-04:00,-0.2681150932850641,-0.5031701030436548,0.29881351692293856,0.6963908281709597,-0.21213206061571496,0,0.0005059350173405353,1.252689826274399,1.786191940368717
2020-04-28 00:00:00-04:00,-3.3083054489406165,-3.0401903556555525,-2.5370202526118977,0.5880475937633842,2.1532790241853896,0,0.1555803169139443,0.5070282097563831,1.7862355641670886
2020-04-29 00:00:00-04:00,8.738964644251727,12.047270093192344,15.087460448847896,0.5732199194852238,0.6307719601146983,0,1.2234468016602273,1.303237648083856,1.8147331126775903
2020-04-30 00:00:00-04:00,0.5352314951573237,-8.203733149094402,-20.251003242286746,0.686908542989307,-0.9555317381297973,0,1.105403842998391,1.9793477678318319,2.041459938279483
2020-05-01 00:00:00-04:00,-2.0798368244303553,-2.615068319587679,5.588664829506723,0.7261214857113232,-0.7564911400809671,0,0.559227850294671,1.5543831988303303,2.0200079407877585
2020-05-04 00:00:00-04:00,0.46871371212340046,2.5485505365537557,5.163618856141435,0.6968810786866494,-0.895101021978442,0,0.7299172695684387,1.8637670589677207,2.0342257645566577
2020-05-05 00:00:00-04:00,1.8322278339280598,1.3635141218046594,-1.1850364147490964,0.6755321110212257,0.12007799847453636,1,1.9672595441200014,1.146689480005066,2.020990591928548
2020-05-06 00:00:00-04:00,-0.2819879398741947,-2.1142157738022544,-3.477729895606914,0.9339939639796131,-0.8671753667558095,0,-0.06619340240471396,1.1178981669910806,2.0336043670732575
2020-05-07 00:00:00-04:00,1.8748616170602168,2.1568495569344117,4.271065330736667,0.8176832068433008,0.26139811699507803,1,0.23332393145984873,1.1032825082908588,2.018517339735899
2020-05-08 00:00:00-04:00,1.1518687336781168,-0.7229928833821,-2.8798424403165117,0.7612829083429686,-0.16815754801373303,0,0.985057156383316,1.225441357818071,2.032090604075722
2020-05-11 00:00:00-04:00,1.072479492400225,-0.07938924127789182,0.6436036421042082,0.8408928936569964,-0.09775059501044553,0,1.126455240058357,1.2916360814572199,2.0356358250720565
2020-05-12 00:00:00-04:00,-1.9611467742014406,-3.0336262666016656,-2.9542370253237737,0.9425118811598878,-0.18879373864110152,0,0.24469921403371023,0.5906720688280245,2.0400319228145207
2020-05-13 00:00:00-04:00,-1.9196987594345638,0.04144801476687676,3.0750742813685426,0.9357540130206747,0.6800248611996635,0,-0.12957036816225473,0.4362225927600969,2.0517607597407888
2020-05-14 00:00:00-04:00,0.5039596995081629,2.4236584589427266,2.3822104441758496,0.8691530577787746,-0.4623799976122953,0,-0.43119614767830605,0.48257285992675863,2.063272841756662
2020-05-15 00:00:00-04:00,1.25798674863016,0.754027049121997,-1.6696314098207297,0.7351899264073752,0.03059517718527861,0,-0.4079976183895344,0.44936376735956574,2.0634504141247754
2020-05-18 00:00:00-04:00,0.7828464715960218,-0.4751402770341381,-1.229167326156135,0.6077561549382399,0.03582344592598751,0,-0.4714306952723538,0.6797313747361203,2.0692347744595567
2020-05-19 00:00:00-04:00,-0.7554530761410215,-1.5382995477370434,-1.0631592707029052,0.443147945885981,-0.9577870075147279,0,-0.1999786660921104,1.0533192189375575,2.0561595148965894
2020-05-20 00:00:00-04:00,2.419758276358972,3.1752113524999936,4.713510900237037,0.30259944073214434,0.650606878825117,1,0.7886116609402434,0.8940464727942491,1.994410026650988
2020-05-21 00:00:00-04:00,-0.2786612113139272,-2.6984194876728993,-5.873630840172893,0.3753835410524826,-0.5925954425095886,0,0.6069208407563471,0.7458722013237145,1.993974217123769
2020-05-22 00:00:00-04:00,0.543205498733329,0.8218667100472562,3.5202861977201554,0.4262940921038549,-0.29609519232431086,0,0.44349771930245896,0.78039828406279,1.994237893689516
2020-05-26 00:00:00-04:00,0.4679374714456231,-0.07526802728770593,-0.8971347373349621,0.4413585992624397,1.4167317873460445,0,0.3716700904576574,0.8635386584990827,1.8879370295832358
2020-05-27 00:00:00-04:00,0.057868438570832625,-0.41006903287479046,-0.33480100558708453,0.43389829899695465,-0.643151709341529,0,0.5594674798861319,1.2586122565655988,1.8810235711040864
2020-05-28 00:00:00-04:00,-0.07828276414567611,-0.13615120271650874,0.27391783015828175,0.42818894874361185,-0.13693597017903683,0,-0.004033089787636035,0.3063851476225544,1.8361653293095568
2020-05-29 00:00:00-04:00,0.8604279608068429,0.9387107249525191,1.0748619276690279,0.3984072462963245,0.060055245882191924,0,0.25343552863913615,0.3412907339827404,1.7917436897054542
2020-06-01 00:00:00-04:00,0.20295646249640933,-0.6574714983104336,-1.5961822232629528,0.41889335498513885,-1.051279463287201,0,0.17628630463635375,0.5936762255636086,1.757179776774792
2020-06-02 00:00:00-04:00,0.5168178954377308,0.3138614329413215,0.9713329312517551,0.3972314710697993,-0.010650780044044704,1,0.1873403863741017,0.5989805531594057,1.6686693543238402
2020-06-03 00:00:00-04:00,-0.19732673796383235,-0.7141446334015632,-1.0280060663428847,0.3772528429727112,-0.1939987682452668,0,0.12936446578261523,0.3780775031691558,1.657814934673999
2020-06-04 00:00:00-04:00,-1.6847896522638859,-1.4874629143000535,-0.7733182808984903,0.36785567565735355,0.34773665400527926,0,-0.235171236440341,0.22526255854757196,1.5028669417236116
2020-06-05 00:00:00-04:00,1.8559972200560937,3.5407868723199796,5.028249786620033,0.2975835526403935,0.3129896202579026,0,-0.014965381808950682,0.2232793602105362,1.4271676813411376
2020-06-08 00:00:00-04:00,0.5714659730574002,-1.2845312469986934,-4.825318119318673,0.2739425976686932,-0.6669443937078123,0,0.06788836513115794,0.1618373542784601,1.3353560294565312
2020-06-09 00:00:00-04:00,0.660165394177925,0.08869942112052476,1.3732306681192181,0.2747204678432519,-0.13757845690261467,0,0.10013538768609992,0.11840574095509182,1.0715483293933217
2020-06-10 00:00:00-04:00,0.665455318979492,0.005289924801566981,-0.08340949631895778,0.2872896469854231,0.07712501346212347,0,0.29589183383108286,0.40247973687432503,0.7890830750824788
2020-06-11 00:00:00-04:00,-4.23031261336613,-4.895767932345622,-4.9010578571471894,0.3107786933466288,0.6858402253799064,0,-0.29546788092079207,0.14599398858692703,0.3230525023024851
2020-06-12 00:00:00-04:00,0.6653111897711855,4.895623803137315,9.791391735482938,0.23645511477141667,-0.20875646046388918,0,-0.5555517635876823,0.16306085320895963,0.37321948030244867
2020-06-15 00:00:00-04:00,0.4719904602060851,-0.19332072956510044,-5.088944532702416,0.102905892417734,-0.7670686401646022,0,-0.5773006701895219,0.08040914953495885,0.351705134293834
2020-06-16 00:00:00-04:00,1.6107353267214244,1.1387448665153392,1.3320655960804397,-0.027098838712459886,0.22487309095296779,0,-0.36986058555287665,0.16719756052358736,0.3463479299246351
2020-06-17 00:00:00-04:00,0.5822310076879876,-1.0285043190334369,-2.1672491855487763,-0.12228900735605101,-0.40185059923414246,0,-0.3881929275193887,0.31077169314400593,0.28496609682711843
2020-06-18 00:00:00-04:00,-1.044714754691348,-1.6269457623793357,-0.5984414433458989,-0.23779233860683874,-0.09046053595362043,0,0.34878059543281753,-0.054400201167634,0.2708217720686423
2020-06-19 00:00:00-04:00,-0.29527005781818516,0.7494446968731628,2.3763904592524985,-0.15385192537975786,2.568750526675034,0,0.13032951686192082,-0.05613740398697634,0.11373617617668982
2020-06-22 00:00:00-04:00,1.4067049489924246,1.7019750068106099,0.952530309937447,-0.11558618511520165,-1.541941371625137,0,0.3412748002012352,0.03342714716249193,0.07839745239262033
2020-06-23 00:00:00-04:00,0.8644012397384736,-0.542303709253951,-2.244278716064561,-0.04233667914537859,-0.3463071697308398,1,0.1731811922621455,0.07493371063072651,-0.003794453296810452
2020-06-24 00:00:00-04:00,-2.215218527736912,-3.0796197674753856,-2.5373160582214345,-0.009036427386847082,0.4746807989756182,1,-0.4586438464614884,-0.16495841506857384,-0.0850446431006332
2020-06-25 00:00:00-04:00,0.6536375337402642,2.8688560614771763,5.948475828952562,-0.08577892794839076,-0.9631287803051081,0,-0.07959548195372647,-0.08936654095104885,-0.08797781742788897
2020-06-26 00:00:00-04:00,-5.649636350162504,-6.303273883902769,-9.172129945379945,-0.08841777539970294,6.581708467211464,1,-1.2859880062957891,-0.760339886613898,-0.09126714664468111
2020-06-29 00:00:00-04:00,2.5788575510918075,8.228493901254312,14.531767785157081,-0.2730295864794848,-1.717135308783017,0,-1.0402673749424058,-0.5297653264848892,-0.06228213946371469
2020-06-30 00:00:00-04:00,1.3362283726615676,-1.24262917843024,-9.471123079684553,-0.43433910715336865,0.20241293818558104,0,-0.9396760979496468,-0.4486124961097958,-0.04884545300323952
2020-07-01 00:00:00-04:00,1.7282054835834242,0.3919771109218566,1.6346062893520965,-0.5845510391497112,-0.5039454751074978,0,-0.06842296479090697,-0.2549812184300971,-0.06722140034872374
2020-07-02 00:00:00-04:00,1.8539125131216099,0.1257070295381857,-0.2662700813836709,-0.5654184271459097,-0.018439151103078883,0,0.19959477370566062,0.11322354555699841,-0.2693693733919007
2020-07-06 00:00:00-04:00,2.1164785127874004,0.26256599966579053,0.13685897012760484,-0.5307728097494824,-0.5800235880514873,0,2.0716589501353564,0.14032627571412618,-0.2620630596010033
2020-07-07 00:00:00-04:00,-0.7033508735776182,-2.8198293863650186,-3.082395386030809,-0.11978980741243217,-0.3317054749343965,1,1.2840311241097044,0.005645581681205722,-0.2607277057004384
2020-07-08 00:00:00-04:00,0.7285316886113165,1.4318825621889346,4.251711948553953,0.1527978684869277,-0.5370907279873371,1,1.1411379056054423,0.012770445143081016,-0.256968095361339
2020-07-09 00:00:00-04:00,1.002000574040517,0.27346888542920045,-1.1584136767597342,0.39785368977090496,0.23142035128947933,1,0.9720568104122478,0.04786583070471989,-0.25657062169795886
2020-07-10 00:00:00-04:00,2.035087570477693,1.033086996437176,0.7596181110079756,0.6064874534589147,0.6820871027260355,0,1.0138866827273512,0.7369261925975845,-0.30842146290547184
2020-07-13 00:00:00-04:00,-1.9717937950387112,-4.006881365516405,-5.039968361953581,0.7504992684292594,-0.16182514267765255,0,0.0707347514016528,0.442954459194834,-0.30089290554639786
2020-07-14 00:00:00-04:00,0.611375306192463,2.5831691012311744,6.590050466747579,0.7203872905917754,-0.5332421151225151,0,0.3701635838536717,0.4581144787863669,-0.28247183838137463
2020-07-15 00:00:00-04:00,-0.456404957495896,-1.067780263688359,-3.6509493649195335,0.7549563728938787,-0.10308171031181686,0,0.10060819460822353,0.23549577744731523,-0.2876603188022579
2020-07-16 00:00:00-04:00,0.2880504236429981,0.7444553811388941,1.8122356448272532,0.7546516522232056,-0.3019856385827731,0,-0.05945965954824699,0.20414143068221247,-0.29464432440731525
2020-07-17 00:00:00-04:00,-0.16140340648940807,-0.44945383013240614,-1.1939092112713001,0.7217995115060039,-0.2596140766981538,1,-0.5434818851731338,0.29955447546027525,-0.36001358422093815
2020-07-20 00:00:00-04:00,3.31035847861343,3.471761885102838,3.921215715235244,0.56586964648435,0.04098644174706673,1,0.6419980550260045,0.6895482131719749,-0.4019113824590233
2020-07-21 00:00:00-04:00,-0.4662461725605912,-3.776604651174021,-7.248366536276859,0.636513861705269,-0.7444143056154271,0,0.3936582621396399,0.48316218551700807,-0.3727408577375967
2020-07-22 00:00:00-04:00,0.6461697199356797,1.112415892496271,4.889020543670292,0.6744072516373871,-0.7843415553875995,1,0.6477234439695609,0.459431854609419,-0.370436420417905
2020-07-23 00:00:00-04:00,-3.366936284104608,-4.013106004040288,-5.125521896536559,0.7719489707340191,1.8874219970243502,1,-0.19749896420174176,0.3305302386896353,-0.37150238012258285
2020-07-24 00:00:00-04:00,-0.2513701581369876,3.1155661259676206,7.128672130007908,0.6932945125209216,-0.2873144537374524,0,-0.21763595269218444,0.23328667994897473,-0.3699836256702418
2020-07-27 00:00:00-04:00,1.2124110243736723,1.46378118251066,-1.6517849434569607,0.6211787068353727,-0.6734573160180166,0,-0.6710240961149075,1.0128037790740005,-0.6189889012102986
2020-07-28 00:00:00-04:00,-1.9513838760015512,-3.1637949003752235,-4.627576082885883,0.3569565877809583,0.850863787689662,0,-0.9973906629230643,0.5050312588923985,-0.6158800707574024
2020-07-29 00:00:00-04:00,1.4450053434341257,3.396389219435677,6.5601841198109,0.0713264541713045,-1.1013451408210848,0,-0.8263731526278485,0.5168279861651515,-0.6178946317796482
2020-07-30 00:00:00-04:00,0.6195769100054037,-0.825428433428722,-4.221817652864399,-0.17759458297259434,1.2445196953780089,1,0.06957170717992392,0.396933300769136,-0.6129539070700227
2020-07-31 00:00:00-04:00,-3.1662795965649817,-3.7858565065703855,-2.9604280731416637,-0.20324842383153793,2.7372972902570702,0,-0.5912566801976405,-0.1394051979829803,-0.6213914058243162
2020-08-03 00:00:00-04:00,-0.5738508757371207,2.592428720827861,6.378285227398246,-0.31650552104913754,-1.026749951680729,0,-0.9786941384819374,-0.41196065346306393,-0.582584786475956
2020-08-04 00:00:00-04:00,-0.6429606012901228,-0.0691097255530021,-2.661538446380863,-0.4871527104237358,-0.6465010113029762,0,-0.6909119681736944,-0.4058345766591187,-0.5911063284038935
2020-08-05 00:00:00-04:00,0.5897721102567518,1.2327327115468747,1.301842437099877,-0.5897271604954462,-0.03843811907781643,0,-0.875145282022766,-0.4197188949103259,-0.5928204866393149
2020-08-06 00:00:00-04:00,1.7976277381710493,1.2078556279142973,-0.024877083632577346,-0.7345764733192394,-0.12538800288534094,0,-0.6214461615367132,-0.340433163148319,-0.5952942834201519
2020-08-07 00:00:00-04:00,-0.37396800241683115,-2.1715957405878803,-3.3794513685021776,-0.8314333775583593,-0.7178294675728424,0,0.010717971531765588,-0.5799413544020232,-0.6007701388538339
2020-08-10 00:00:00-04:00,0.10772603220856233,0.4816940346253935,2.653289775213274,-0.7524578075161079,-0.6457709565685942,1,0.16533348043041377,-0.36982570711771606,-0.6150251542496613
2020-08-11 00:00:00-04:00,-1.0547442839715606,-1.1624703161801229,-1.6441643508055164,-0.6663181396392066,0.20181552812504946,1,0.07121470372981735,-0.5373284841269603,-0.6153738557570493
2020-08-12 00:00:00-04:00,1.7766462143447999,2.8313904983163605,3.9938608144964833,-0.5803303803727998,-0.17990125791799597,0,0.3380559410692954,-0.3141788547126437,-0.614468289517747
2020-08-13 00:00:00-04:00,0.7852004069361446,-0.9914458074086553,-3.8228363057250156,-0.4627082014937161,-0.11275765287266541,0,0.11048194760221144,-0.26376105708862785,-0.6065847684168417
2020-08-14 00:00:00-04:00,-0.7059871691316343,-1.4911875760677789,-0.49974176865912356,-0.40100426617851265,-0.33537738274565354,0,0.034982138132420765,-0.31951292542334286,-0.6082328549557389
2020-08-17 00:00:00-04:00,0.679836037817404,1.3858232069490382,2.877010783016817,-0.3495947527752474,-0.09999776637284373,0,0.16402016382628828,-0.5783437182751208,-0.6236025770409673
2020-08-18 00:00:00-04:00,2.67592217875052,1.996086140933116,0.6102629339840779,-0.23518691879368805,1.136006167996195,0,1.0202140332440057,-0.26560943162289197,-0.6231719887853182
2020-08-19 00:00:00-04:00,-0.7102493420834287,-3.386171520833949,-5.382257661767065,0.029508866021579695,-0.6401839296358912,0,0.44442456946510467,-0.40333395961858914,-0.6015627280298931
2020-08-20 00:00:00-04:00,2.2112637157579953,2.921513057841424,6.307684578675373,0.1856501382683666,-0.07127514694962327,0,0.769701025553051,0.17862205462148886,-0.5991602791621766
2020-08-21 00:00:00-04:00,-0.0840813041901642,-2.2953450199481593,-5.216858077789583,0.3439312956145823,-0.5631880432648458,0,0.9157216399479581,0.19650565284367766,-0.5847443061974582
2020-08-24 00:00:00-04:00,0.4922741051578281,0.5763554093479923,2.8717004292961517,0.5318847089325484,-0.21626543563903106,0,0.8720171149583322,0.12050735064188768,-0.5847330486337178
2020-08-25 00:00:00-04:00,1.260545780784572,0.7682716756267438,0.19191626627875147,0.72040458519994,1.4715369483393062,1,0.5492288654397076,0.46792033439591646,-0.5859786548607531
2020-08-26 00:00:00-04:00,2.7458930962573547,1.4853473154727828,0.717075639846039,0.7970373811574677,1.971342857381981,0,1.3530755853802965,0.6083728232153198,-0.5820328025356735
2020-08-27 00:00:00-04:00,-1.092368500322928,-3.8382615965802827,-5.323608912053065,1.0415175759309858,-1.602617608508522,0,0.5806813613905755,0.41963388352768705,-0.5601057785429828
2020-08-28 00:00:00-04:00,0.6167638198836776,1.7091323202066055,5.547393916786888,1.1323940304806144,-0.6782922491445081,0,0.7428864584842256,0.8456402687204237,-0.5545786453984185
2020-08-31 00:00:00-04:00,-0.6221046033587877,-1.2388684232424652,-2.9480007434490707,1.2123335813315226,0.4426946383768518,0,0.4846527587890545,0.8401413743514115,-0.5671944858561041
2020-09-01 00:00:00-04:00,1.6234441064143161,2.2455487097731037,3.484417133015569,1.2327941353008132,-0.14444504803593727,0,0.5671832836921391,1.0984703521168968,-0.5736028651041524
2020-09-02 00:00:00-04:00,4.06874398236103,2.445299875946714,0.19975116617361044,1.24482163182765,0.8771504598949292,0,0.8647401479627088,1.4990848522649731,-0.5672563430585499
2020-09-03 00:00:00-04:00,-5.001502676565379,-9.07024665892641,-11.515546534873124,1.2862081454157306,0.5003939882157464,0,-0.06044823089208261,0.6986762010140284,-0.517347238656873
2020-09-04 00:00:00-04:00,-3.0940905651813115,1.9074121113840676,10.977658770310477,1.191728475413412,-0.5851907725660418,0,-0.8896684736603987,0.3933312255361397,-0.4212633318072425
2020-09-08 00:00:00-04:00,-3.686271463425862,-0.5921808982445507,-2.4995930096286183,0.9294944619121547,-0.14488208702462407,0,-1.5573492316066555,-0.018939037405091556,-0.45211245915341464
2020-09-09 00:00:00-04:00,1.6033782247770538,5.289649688202916,5.8818305864474665,0.554408741971181,-1.0204145687674708,0,-1.561493128888104,0.2622207355529852,-0.4003278490435111
2020-09-10 00:00:00-04:00,-1.6018416077394724,-3.2052198325165264,-8.494869520719442,0.13856221187770681,-0.38707868821685226,1,-2.704809653449611,-0.09452645456623664,-0.3933972038804077
2020-09-11 00:00:00-04:00,-0.7375815293768698,0.8642600783626025,4.069479910879129,-0.5469368151687426,-0.1834981784275666,1,-1.8143423657606819,-0.2515143351582276,-0.39023007652710956
2020-09-14 00:00:00-04:00,-0.0947001718108754,0.6428813575659944,-0.22137872079660814,-0.9586472235625093,0.02255788726946392,1,-1.1727245832555306,-0.18851508827674904,-0.3885191575605157
2020-09-15 00:00:00-04:00,1.4585879553304175,1.5532881271412928,0.9104067695752984,-1.2112055491184501,-0.734594300218686,0,-0.031115961889106925,-0.10887433544842033,-0.3930024412664064
2020-09-16 00:00:00-04:00,-1.3325208194313571,-2.7911087747617747,-4.3443969019030675,-1.2004295885270255,-0.18701860223698094,1,-0.6816432377655798,-0.5139462581459254,-0.38741974949737257
2020-09-17 00:00:00-04:00,-1.6680929874179447,-0.3355721679865875,2.455536606775187,-1.2905449512533016,1.0334389377483404,1,-0.6963631893801008,-0.6101342070982075,-0.38585401083745474
2020-09-18 00:00:00-04:00,-2.3764157204723344,-0.7083227330543898,-0.37275056506780224,-1.3700196127116784,1.6279810426953423,0,-1.0570714441062707,-1.0533495742742665,-0.37740359196241163
2020-09-21 00:00:00-04:00,-1.974668145176883,0.40174757529545135,1.110070308349841,-1.4725013946590535,-0.33621149297939573,0,-1.461403093317426,-1.2318085678941022,-0.37475380490664734
2020-09-22 00:00:00-04:00,2.3966628461764,4.371330991353283,3.969583416057832,-1.6443918598577,-1.379400225182949,0,-1.2664750580667568,-1.0564596617739934,-0.36206510614163423
2020-09-23 00:00:00-04:00,-3.4289635850083493,-5.82562643118475,-10.196957422538034,-1.7976400281003535,-0.0195164807814216,0,-1.7185720053699067,-1.4930965291187537,-0.4578638814508036
2020-09-24 00:00:00-04:00,0.9242435351148067,4.353207120123156,10.178833551307907,-1.9919706345816146,-0.4881024261890126,0,-1.1695466859469634,-1.6525155910432656,-0.4361493945919699
2020-09-25 00:00:00-04:00,1.167135180917224,0.24289164580241718,-4.110315474320739,-2.0299231359356646,-0.38640671027657614,1,-0.3936919341299138,-1.4507467173168314,-0.4393001516306821
2020-09-28 00:00:00-04:00,1.3536662762983793,0.18653109538115542,-0.05636055042126176,-1.9205986261112677,1.2640349030970586,1,0.3583981035706371,-1.3845829496593198,-0.4448697143302859
2020-09-29 00:00:00-04:00,0.3284371816353573,-1.025229094663022,-1.2117601900441775,-1.6555730821627663,-1.545349662489476,0,-0.10419000296020826,-1.297540500101249,-0.45041318360406124
2020-09-30 00:00:00-04:00,0.018381205643009362,-0.3100559759923479,0.7151731186706741,-1.5030438017369816,1.8688010378554847,1,0.6968577686754733,-1.4426454027404527,-0.4656929030579089
2020-10-01 00:00:00-04:00,1.3942541358677984,1.3758729302247892,1.685928906217137,-1.1573759521506999,-0.022478945100874035,0,0.8050922564353166,-1.6750209850890099,-0.4673871538487057
2020-10-02 00:00:00-04:00,-2.125379936252836,-3.5196340721206343,-4.895507002345424,-0.7468156351996881,-0.9062414202651985,0,0.045186589194895876,-1.4083022255146207,-0.462461302417489
2020-10-05 00:00:00-04:00,1.8924657202454807,4.0178456564983165,7.537479728618951,-0.5461328740176974,-0.5099021469360367,0,0.16527184034937445,-0.9412486513946534,-0.450516802967738
2020-10-06 00:00:00-04:00,-2.192440717169839,-4.08490643741532,-8.102752093913637,-0.3845610948081124,0.1761953818220304,0,-0.40532894788072094,-0.79322836352518,-0.45252073254633707
2020-10-07 00:00:00-04:00,0.47130452237334314,2.663745239543182,6.748651676958502,-0.37154380462461634,0.9489749145563098,0,-0.30507584206638033,-0.9012122181302995,-0.4493763051741505
2020-10-08 00:00:00-04:00,1.7558123654606712,1.284507843087328,-1.3792373964558542,-0.32127586442426803,-1.019071616090317,0,-0.22577457904148177,-0.5741916021134678,-0.4499555383549354
2020-10-09 00:00:00-04:00,1.9711566552761186,0.2153442898154474,-1.0691635532718806,-0.29636607890899586,0.42076906351339144,0,0.7083565145123045,-0.3037455797493366,-0.43939663653096983
2020-10-12 00:00:00-04:00,3.559212523159277,1.5880558678831582,1.3727115780677108,-0.09953988628283725,1.8419524759355987,0,1.0887174388373253,0.06861230340561089,-0.42609128518324424
2020-10-13 00:00:00-04:00,0.16123760779440546,-3.3979749153648715,-4.9860307832480295,0.13953509811892742,-1.1153924527651897,0,1.657425899273098,-0.06633356252943255,-0.38302395088166086
2020-10-14 00:00:00-04:00,-0.2290546498200708,-0.3902922576144763,3.0076826577503954,0.5140035037999218,0.4117478512966404,0,1.488723584027837,0.05018281776883181,-0.42018437444807816
2020-10-15 00:00:00-04:00,-0.5707644253641463,-0.3417097755440755,0.04858248207040078,0.8387870815169436,-0.6973875242615787,0,0.9392301909979454,0.16774679509467902,-0.42080458331301
2020-10-16 00:00:00-04:00,0.8902404150201303,1.4610048403842766,1.802714615928352,1.0326522823487199,-0.33369441688877394,0,0.6903021160878978,0.5241982234908354,-0.42097491740951914
2020-10-19 00:00:00-04:00,-2.4411774006831783,-3.3314178157033085,-4.792422656087585,1.1325789795365542,0.18030717148399436,1,-0.6559355245807555,0.47180585418107074,-0.4591627448338692
2020-10-20 00:00:00-04:00,1.38928053676861,3.830457937451788,7.161875753155097,0.9282168550002609,0.9292179798841312,0,-0.3875725029578091,0.3640147696686046,-0.43760113955903873
2020-10-21 00:00:00-04:00,2.402416096667403,1.013135559898793,-2.817322377552995,0.7984066236797708,0.2499030933955086,0,0.19680787475540837,1.0191108332014243,-0.4360443488021103
2020-10-22 00:00:00-04:00,1.382035634073287,-1.0203804625941162,-2.0335160224929094,0.733124898567159,-1.3517493982030209,0,0.6434410318760145,1.071292345811848,-0.4316474489940147
2020-10-23 00:00:00-04:00,1.5891497508980301,0.20711411682474323,1.2274945794188594,0.7650639097862768,-0.25720109884929393,1,0.8040707411502768,1.1194979323476484,-0.4322189663087514
2020-10-26 00:00:00-04:00,-3.080443477486267,-4.669593228384297,-4.876707345209041,0.8292800805333328,0.7989000836092958,1,0.6510791837482275,0.611824744394667,-0.42556870285882353
2020-10-27 00:00:00-04:00,0.8683056493449739,3.948749126831241,8.618342355215539,0.9116897918738521,-1.065631047418397,0,0.5318940815432665,0.6715355762992845,-0.4275256186621935
2020-10-28 00:00:00-04:00,-5.462950263456803,-6.331255912801777,-10.280005039633018,0.9610779011500313,1.1947431438492644,1,-1.2405341638919951,0.06013459714376433,-0.4275141648526822
2020-10-29 00:00:00-04:00,3.3376827250070704,8.800632988463875,15.13188890126565,0.6618385887521837,0.1040779791021588,0,-0.8295915016976559,0.2622490412674762,-0.32052246070544166
2020-10-30 00:00:00-04:00,3.4308714267577343,0.09318870175066385,-8.70744428671321,0.4338773260579573,3.0183829284334287,0,-0.4359271071064056,0.8723465878339481,-0.2846840515053093
2020-11-02 00:00:00-05:00,0.3096827951670319,-3.1211886315907025,-3.2143773333413663,0.22871964954622442,-1.276849079733718,0,0.3373885032433922,0.6959269761063129,-0.25636298888577214
2020-11-03 00:00:00-05:00,1.4870570129547172,1.1773742177876851,4.298562849378388,0.23067355307578263,-1.0867369957802941,0,0.47774909891781553,1.1165417086531177,-0.25726576857084466
2020-11-04 00:00:00-05:00,5.994387699245183,4.507330686290466,3.3299564685027807,0.21970309267465904,2.9849697869651752,1,3.2678593919951364,1.7542853574241652,-0.2512433641278446
2020-11-05 00:00:00-05:00,0.8141254659080818,-5.180262233337102,-9.687592919627567,0.7620525829382846,-1.296354627536183,0,2.637519253967213,1.6410206175824449,-0.1414028407004454
2020-11-06 00:00:00-05:00,-0.09187099605743024,-0.905996461965512,4.2742657713715895,1.1909589944144543,-0.6816260262208332,0,1.7798617494858486,1.3956981673691713,-0.14814584526308386
2020-11-09 00:00:00-05:00,0.07095217700281617,0.1628231730602464,1.0688196350257584,1.4586068655915405,0.8497016594251215,1,1.7219723433852758,0.9955201554826605,-0.1485593640057914
2020-11-10 00:00:00-05:00,-1.282473935210473,-1.3534261122132891,-1.5162492852735356,1.7580581014714938,0.29476241066424796,0,1.0597641233122368,0.8300448810137087,-0.15180091691632464
2020-11-11 00:00:00-05:00,0.7078842205119842,1.9903581557224572,3.3437842679357463,1.9204671204060484,-1.5662853587038787,0,-0.11748468601557467,0.9363010402623846,-0.1439719630971268
2020-11-12 00:00:00-05:00,-0.16374789318995417,-0.8716321137019384,-2.8619902694243957,1.7764129723649735,-0.182873096120054,1,-0.33501732920134025,0.9830534799084845,-0.1640320345956353
2020-11-13 00:00:00-05:00,1.5532862546457453,1.7170341478356994,2.5886662615376377,1.5693266889147222,0.40429253168732515,1,0.030692540692095184,1.058419380820226,-0.1665608394396183
2020-11-16 00:00:00-05:00,0.24535719848688095,-1.3079290561588643,-3.024963203994564,1.4484311827804193,-0.6073179706487694,0,0.07003615012062143,1.3762906018085797,-0.1742032701517565
2020-11-17 00:00:00-05:00,-0.6304107464744384,-0.8757679449613194,0.43216111119754497,1.3018900958985318,-0.36528590646387543,1,0.21941011305875813,1.1400165714741668,-0.17452544137915688
2020-11-18 00:00:00-05:00,-1.3202302761305094,-0.689819529656071,0.18594841530524842,1.2213834367770076,-0.08454339244862559,1,-0.2390142726676893,0.7174198995728315,-0.17230290069607346
2020-11-19 00:00:00-05:00,0.9812366627104124,2.301466938840922,2.991286468496993,1.0715097821537367,0.030202079548337146,0,0.01679408498411563,0.6731337412825074,-0.1684600697584411
2020-11-20 00:00:00-05:00,-1.2319176444758861,-2.2131543071862985,-4.51462124602722,0.9934647652819854,2.172572446303915,0,-0.601961024830624,0.36328607407331054,-0.18966954872866296
2020-11-23 00:00:00-05:00,-0.42073581735451604,0.8111818271213701,3.0243361343076685,0.7900329357877084,-0.3262831501110117,0,-0.747758175979459,0.6609826755637496,-0.18840649313394495
2020-11-24 00:00:00-05:00,1.960969879444954,2.38170569679947,1.5705238696780999,0.5104925692788412,-0.8833205562791541,0,-0.17934938809575565,0.781719816027674,-0.18823973313886558
